# Cycle: 85, status: ACC, move: ('wf', 9000, 2, 50)
#     Time      Potential        Kinetic
         0     -15.067477      30.821625            nan            nan
         1      -9.782530      25.768406            nan            nan
         2     -10.200012      26.060122            nan            nan
         3     -12.430174      28.081750            nan            nan
         4      -7.945648      23.758362            nan            nan
         5      -6.734396      22.577334            nan            nan
         6     -10.359953      26.000811            nan            nan
         7      -6.126141      21.919257            nan            nan
         8      -0.522030      16.558859            nan            nan
         9      -3.244212      19.075886            nan            nan
        10      -5.703244      21.394737            nan            nan
        11       0.119408      15.835042            nan            nan
        12      -0.846446      16.801072            nan            nan
        13      -5.636846      21.352182            nan            nan
        14      -3.115071      18.971536            nan            nan
        15       2.295688      13.769973            nan            nan
        16      -1.245640      17.104236            nan            nan
        17      -1.502936      17.306293            nan            nan
        18       4.536774      11.535690            nan            nan
        19       3.004860      12.998862            nan            nan
        20      -2.455604      18.213528            nan            nan
        21       0.857046      15.099104            nan            nan
        22       2.983890      13.157139            nan            nan
        23      -2.449041      18.355598            nan            nan
        24      -2.776857      18.670573            nan            nan
        25       1.733430      14.387866            nan            nan
        26      -0.363195      16.309805            nan            nan
        27      -4.022412      19.766096            nan            nan
        28       2.568463      13.453768            nan            nan
        29       4.198647      11.900922            nan            nan
        30      -1.874305      17.649106            nan            nan
        31      -1.927360      17.717026            nan            nan
        32       1.952715      14.053316            nan            nan
        33      -3.974577      19.737179            nan            nan
        34      -6.848555      22.449076            nan            nan
        35      -1.876184      17.738411            nan            nan
        36      -0.814648      16.635201            nan            nan
        37      -6.880817      22.374684            nan            nan
        38      -2.972011      18.602405            nan            nan
        39       1.488997      14.351928            nan            nan
        40      -4.102291      19.696855            nan            nan
        41      -5.716978      21.289964            nan            nan
        42      -0.079026      16.005133            nan            nan
        43      -2.869009      18.729046            nan            nan
        44      -9.231448      24.834768            nan            nan
        45      -4.856341      20.719512            nan            nan
        46      -0.530430      16.604447            nan            nan
        47      -6.054919      21.879717            nan            nan
        48      -6.266433      22.138952            nan            nan
        49      -1.168491      17.379972            nan            nan
