# Cycle: 85, status: ACC, move: ('wf', 9000, 2, 50)
#     Time       Orderp
         0     0.295644
         1     0.302819
         2     0.308587
         3     0.314577
         4     0.321427
         5     0.325239
         6     0.331333
         7     0.335864
         8     0.339138
         9     0.343841
        10     0.347289
        11     0.349696
        12     0.353747
        13     0.355750
        14     0.357300
        15     0.360480
        16     0.360682
        17     0.362509
        18     0.364201
        19     0.364690
        20     0.365874
        21     0.368124
        22     0.367054
        23     0.369551
        24     0.369021
        25     0.368695
        26     0.368568
        27     0.368117
        28     0.365883
        29     0.366603
        30     0.364224
        31     0.363391
        32     0.362552
        33     0.360296
        34     0.358396
        35     0.356351
        36     0.352982
        37     0.349941
        38     0.347048
        39     0.342872
        40     0.340142
        41     0.336146
        42     0.332846
        43     0.328804
        44     0.325196
        45     0.319931
        46     0.315600
        47     0.309064
        48     0.303266
        49     0.295900
