# Cycle: 93, status: ACC, move: ('sh', 0.2941659377509044, 24, 27)
#     Time      Potential        Kinetic
         0     -11.063407      19.073137            nan            nan
         1     -14.415124      22.258982            nan            nan
         2      -9.143773      17.209152            nan            nan
         3      -8.408497      16.462579            nan            nan
         4     -12.763788      20.574138            nan            nan
         5     -10.715117      18.589537            nan            nan
         6      -6.498724      14.453248            nan            nan
         7     -11.889401      19.566184            nan            nan
         8     -12.292038      19.896343            nan            nan
         9      -6.785425      14.643423            nan            nan
        10      -8.923697      16.717125            nan            nan
        11     -13.685134      21.262426            nan            nan
        12     -11.545432      19.283142            nan            nan
        13     -10.116582      17.964059            nan            nan
        14     -15.715371      23.345326            nan            nan
        15     -14.637621      22.242634            nan            nan
        16     -12.031069      19.823009            nan            nan
        17     -15.000707      22.637127            nan            nan
        18     -21.047908      28.551154            nan            nan
        19     -16.422261      24.208947            nan            nan
        20     -17.268811      25.085888            nan            nan
        21     -18.141217      25.630269            nan            nan
        22     -15.242177      22.625222            nan            nan
        23      -9.178988      16.675646            nan            nan
        24     -12.512891      19.833748            nan            nan
        25     -16.425907      23.653293            nan            nan
        26     -14.075761      21.522932            nan            nan
        27     -14.995684      22.449076            nan            nan
        28     -18.005170      25.277207            nan            nan
        29     -12.440541      19.899905            nan            nan
        30      -7.271261      14.964664            nan            nan
        31      -9.065443      16.658147            nan            nan
        32      -9.265881      16.930866            nan            nan
        33      -6.043012      14.021729            nan            nan
        34      -7.838794      15.825321            nan            nan
        35     -14.403254      22.245907            nan            nan
        36     -10.591706      18.667341            nan            nan
        37      -7.395633      15.635437            nan            nan
        38      -9.802469      17.861810            nan            nan
        39      -8.303412      16.390882            nan            nan
        40      -3.220016      11.478374            nan            nan
        41      -8.676617      16.706387            nan            nan
        42     -13.914964      21.698748            nan            nan
        43     -10.307132      18.296701            nan            nan
        44      -9.910334      17.974911            nan            nan
        45     -15.253630      23.079979            nan            nan
        46     -14.637995      22.426452            nan            nan
        47     -12.775276      20.584133            nan            nan
        48     -15.223327      22.775423            nan            nan
        49     -12.641100      20.154541            nan            nan
        50      -4.773901      12.554121            nan            nan
        51      -5.116588      12.840521            nan            nan
        52     -12.604455      20.123685            nan            nan
        53     -11.888177      19.568815            nan            nan
        54     -12.764412      20.585742            nan            nan
        55     -16.136724      23.738563            nan            nan
        56     -17.979695      25.538458            nan            nan
        57     -13.075291      20.808805            nan            nan
        58     -15.271338      22.884307            nan            nan
        59     -18.073682      25.535745            nan            nan
        60     -15.355084      23.007981            nan            nan
        61     -11.858364      19.591081            nan            nan
        62     -18.150067      25.565576            nan            nan
        63     -17.613574      24.936187            nan            nan
        64     -12.774384      20.228365            nan            nan
        65     -13.085534      20.462851            nan            nan
        66     -12.175246      19.520506            nan            nan
        67      -5.745399      13.349215            nan            nan
        68      -4.169110      11.809217            nan            nan
        69      -7.968932      15.454159            nan            nan
        70      -6.298820      13.966382            nan            nan
