# Cycle: 96, status: ACC, move: ('sh', 0.2939552692258002, 26, 8)
#     Time      Potential        Kinetic
         0     -15.003907      23.393116            nan            nan
         1     -10.673651      19.228950            nan            nan
         2      -8.259047      16.844350            nan            nan
         3     -13.330005      21.615274            nan            nan
         4     -12.031805      20.304386            nan            nan
         5     -10.502435      18.961505            nan            nan
         6     -13.366053      21.684915            nan            nan
         7     -18.413209      26.565812            nan            nan
         8     -14.075761      22.449076            nan            nan
         9      -8.598253      17.052190            nan            nan
        10     -10.512393      18.807303            nan            nan
        11      -6.452547      14.907970            nan            nan
        12      -3.649289      12.341270            nan            nan
        13     -10.633827      19.210326            nan            nan
        14     -16.517425      25.038285            nan            nan
        15      -8.669799      17.481608            nan            nan
        16      -8.767008      17.558130            nan            nan
        17      -8.552470      17.170120            nan            nan
        18      -7.979740      16.757827            nan            nan
        19     -11.211429      20.068193            nan            nan
        20     -18.937371      27.511403            nan            nan
        21     -15.461272      24.005120            nan            nan
        22      -9.571994      18.315462            nan            nan
        23     -11.151820      19.728788            nan            nan
        24     -17.211236      25.547174            nan            nan
        25     -12.152599      20.669438            nan            nan
        26      -8.905149      17.408984            nan            nan
        27     -12.912626      21.108147            nan            nan
        28      -9.988335      18.247943            nan            nan
        29      -5.480479      13.952294            nan            nan
        30     -11.176261      19.423305            nan            nan
