# Cycle: 96, status: ACC, move: ('sh', 0.2939552692258002, 26, 8)
#     Time       Orderp
         0     0.300649
         1     0.298963
         2     0.298489
         3     0.297025
         4     0.295877
         5     0.295697
         6     0.295298
         7     0.294429
         8     0.293955
         9     0.292353
        10     0.289509
        11     0.286499
        12     0.283008
        13     0.278925
        14     0.274791
        15     0.270129
        16     0.267079
        17     0.264058
        18     0.263537
        19     0.264508
        20     0.266202
        21     0.267320
        22     0.271214
        23     0.273772
        24     0.278062
        25     0.282598
        26     0.286498
        27     0.290108
        28     0.295002
        29     0.298131
        30     0.302589
