# Preparing propagation with AMS engine
# Trajectory label: 006_57428_2_trajF
# Initial file: /home/konrad/opt/infretis_new/infretis/examples/ams/water_dimer_many_workers/worker0/006_57428_2_conf.rkf
# Initial config: /home/konrad/opt/infretis_new/infretis/examples/ams/water_dimer_many_workers/worker0/006_57428_2_conf.rkf
# Initial order parameter: 0.4856906379569321
0 0.4856906379569321
1 0.4839938312597557
2 0.48254941682591246
3 0.4806893204433772
4 0.47993719263294665
5 0.47889926386573234
6 0.4777414307470105
7 0.477951311657764
8 0.4768985186180106
9 0.4769842424910952
10 0.4768850019949997
11 0.47696010953771556
12 0.4767725192736325
13 0.4777689973656427
14 0.47722415342541336
15 0.4783029930311884
16 0.4782187200004768
17 0.47887561473170076
18 0.4791336602333628
19 0.4797536241418116
20 0.4801446442272557
21 0.4808436099190947
22 0.4811278730977974
23 0.4820585561030732
24 0.482374446101788
25 0.48268365520936013
26 0.48377346884122474
27 0.48362089699292904
28 0.48438630486274453
29 0.4852092551560784
30 0.48563490361499123
31 0.4865616609914365
32 0.48777165913322035
33 0.4885862305283209
34 0.4899587710631701
35 0.49083284808518957
36 0.49220734099848307
37 0.49261588089921504
38 0.49346108339377265
39 0.49384101900272276
40 0.49362121148634125
41 0.49380382521028754
42 0.4935235086852302
43 0.4929069361220435
44 0.49335488455902626
45 0.4928828729012025
46 0.4929997163523719
47 0.4939537178140447
48 0.49382424391944363
49 0.4946130720758097
50 0.4957512925061957
51 0.49558102370922275
52 0.4966047730122673
53 0.4969826168432941
54 0.4966596523685279
55 0.4971339181648865
56 0.49684949935295725
57 0.49646948637145205
58 0.496703226066748
