# Cycle: 4, status: ACC, move: ('wf', 9000, 2, 60)
#     Time      Potential        Kinetic
         0     -10.674593      29.388507            nan            nan
         1     -12.042811      30.708868            nan            nan
         2     -13.436515      31.746341            nan            nan
         3      -7.580451      26.069543            nan            nan
         4       0.683306      18.086968            nan            nan
         5      -5.283278      23.798298            nan            nan
         6      -6.353649      24.818552            nan            nan
         7       1.029225      17.788788            nan            nan
         8      -1.199995      19.888641            nan            nan
         9      -6.042656      24.413088            nan            nan
        10       0.250073      18.366162            nan            nan
        11       4.742763      14.036569            nan            nan
        12      -1.928180      20.370986            nan            nan
        13      -1.826564      20.281057            nan            nan
        14       3.860550      14.912642            nan            nan
        15      -1.603022      20.157915            nan            nan
        16      -8.952938      27.229752            nan            nan
        17      -3.192851      21.769568            nan            nan
        18      -3.793650      22.449076            nan            nan
        19      -9.116288      27.435603            nan            nan
        20      -7.529871      25.959431            nan            nan
        21      -0.762360      19.503002            nan            nan
        22      -5.269526      23.746816            nan            nan
        23      -9.403576      27.665225            nan            nan
        24      -3.855819      22.418454            nan            nan
        25      -3.017626      21.584230            nan            nan
        26     -10.009939      28.272714            nan            nan
        27      -5.739653      24.196366            nan            nan
        28      -0.480008      19.158613            nan            nan
        29      -6.879200      25.220463            nan            nan
        30      -8.656950      26.873484            nan            nan
        31      -1.070800      19.628942            nan            nan
        32      -3.037516      21.534738            nan            nan
        33      -8.801928      27.026229            nan            nan
        34      -3.810571      22.279457            nan            nan
        35      -1.724346      20.361541            nan            nan
        36      -7.308198      25.630548            nan            nan
        37      -7.541632      25.886617            nan            nan
        38       0.451805      18.272385            nan            nan
        39      -1.959090      20.555772            nan            nan
        40      -5.911324      24.267134            nan            nan
        41       0.303625      18.351181            nan            nan
        42       4.352443      14.445570            nan            nan
        43      -2.680919      21.167051            nan            nan
        44      -1.344188      19.905554            nan            nan
        45       3.094478      15.746393            nan            nan
        46      -3.897727      22.481837            nan            nan
        47     -10.782666      29.170740            nan            nan
        48      -4.371036      23.102520            nan            nan
        49      -5.109911      23.881092            nan            nan
        50     -10.080292      28.480586            nan            nan
        51      -7.408285      25.863007            nan            nan
        52      -1.691779      20.339245            nan            nan
        53      -6.846552      25.228570            nan            nan
        54     -10.207532      28.483600            nan            nan
        55      -5.429718      24.035136            nan            nan
        56     -12.472857      30.963308            nan            nan
        57     -18.660860      36.824073            nan            nan
        58     -15.854478      34.196601            nan            nan
        59      -9.781110      28.360150            nan            nan
