# Cycle: 40, status: ACC, move: None
#     Time      Potential        Kinetic
         0     -13.764655      38.049504            nan            nan
         1     -11.421997      35.679272            nan            nan
         2     -10.282309      34.540257            nan            nan
         3     -13.574945      37.750254            nan            nan
         4     -15.676671      39.865581            nan            nan
         5     -13.154003      37.529524            nan            nan
         6      -5.403947      29.948988            nan            nan
         7      -2.799966      27.451865            nan            nan
         8       0.689649      24.129341            nan            nan
         9      -2.034801      27.059089            nan            nan
        10      -4.940748      30.084381            nan            nan
        11     -12.832303      37.959942            nan            nan
        12      -3.073072      28.309528            nan            nan
        13       0.165010      25.066161            nan            nan
        14       2.945772      22.156193            nan            nan
        15       0.760441      24.271592            nan            nan
        16       0.049652      24.892206            nan            nan
        17      -5.934048      30.672900            nan            nan
        18      -4.962868      29.540182            nan            nan
        19      -5.994198      30.424339            nan            nan
        20      -6.014351      30.280170            nan            nan
        21      -9.456279      33.487397            nan            nan
        22     -11.573403      35.488287            nan            nan
