# Cycle: 47, status: ACC, move: ('wf', 9000, 2, 150)
#     Time      Potential        Kinetic
         0       3.707427      30.914361            nan            nan
         1      -2.903619      37.205921            nan            nan
         2      -4.872338      39.134419            nan            nan
         3       2.520062      32.045194            nan            nan
         4       2.019688      32.432445            nan            nan
         5      -1.197753      35.330001            nan            nan
         6       2.347166      31.839154            nan            nan
         7       3.495747      30.681901            nan            nan
         8      -2.754764      36.632478            nan            nan
         9      -2.543437      36.456767            nan            nan
        10       2.098984      32.100959            nan            nan
        11      -0.660196      34.724103            nan            nan
        12      -3.804262      37.670263            nan            nan
        13       2.361766      31.764032            nan            nan
        14       6.483688      27.777236            nan            nan
        15       3.331025      30.762205            nan            nan
        16       7.275348      26.997047            nan            nan
        17      14.062898      20.575716            nan            nan
        18      12.387875      22.191353            nan            nan
        19       9.516944      24.988742            nan            nan
        20      15.197395      19.617116            nan            nan
        21      15.866000      19.047180            nan            nan
        22      12.429185      22.341792            nan            nan
        23      14.243969      20.706467            nan            nan
        24      19.111587      16.039228            nan            nan
        25      13.196916      21.692716            nan            nan
        26      10.989193      23.741755            nan            nan
        27      15.497027      19.416343            nan            nan
        28      14.717725      20.098051            nan            nan
        29       9.942547      24.578534            nan            nan
        30      12.094320      22.493122            nan            nan
        31      14.405627      20.201696            nan            nan
        32       8.323618      25.926889            nan            nan
        33       6.595331      27.510997            nan            nan
        34      10.557339      23.695716            nan            nan
        35       8.356859      25.733470            nan            nan
        36       3.179238      30.688052            nan            nan
        37       7.711494      26.323145            nan            nan
        38       8.432041      25.681752            nan            nan
        39       4.238424      29.641365            nan            nan
        40       3.767807      30.133388            nan            nan
        41       8.680996      25.469383            nan            nan
        42       6.259954      27.828096            nan            nan
        43       4.176428      29.840160            nan            nan
        44       8.627374      25.683551            nan            nan
        45      12.425767      22.047988            nan            nan
        46       7.067463      27.199119            nan            nan
        47       9.338871      24.977753            nan            nan
        48      14.683697      19.874569            nan            nan
        49      13.440403      21.057896            nan            nan
        50      12.403183      22.056950            nan            nan
        51      18.811609      15.946901            nan            nan
        52      18.395292      16.373806            nan            nan
        53      12.970211      21.503831            nan            nan
        54      14.753315      19.789373            nan            nan
        55      18.882203      15.869875            nan            nan
        56      15.699757      18.909094            nan            nan
        57      14.730209      19.851581            nan            nan
        58      18.616523      16.184870            nan            nan
        59      15.105903      19.530865            nan            nan
        60       9.162442      25.187417            nan            nan
        61      12.287733      22.259717            nan            nan
        62      16.796001      17.932019            nan            nan
        63      11.614219      22.880796            nan            nan
        64      12.144155      22.320554            nan            nan
        65      16.241235      18.380299            nan            nan
        66      12.609458      21.788145            nan            nan
        67       8.167841      26.038345            nan            nan
        68      15.102329      19.395655            nan            nan
        69      16.331702      18.245927            nan            nan
        70      10.731609      23.519219            nan            nan
        71      11.272065      22.966092            nan            nan
        72      14.996370      19.393307            nan            nan
        73       9.359812      24.785744            nan            nan
        74       7.194117      26.845584            nan            nan
        75      12.582724      21.784153            nan            nan
        76      11.887593      22.449076            nan            nan
        77       5.476936      28.513065            nan            nan
        78       7.233456      26.864878            nan            nan
        79      12.097837      22.181939            nan            nan
        80       6.591953      27.451708            nan            nan
        81       6.594527      27.455862            nan            nan
        82      13.409826      20.997106            nan            nan
        83      11.969601      22.352464            nan            nan
        84       5.921237      28.165336            nan            nan
        85      12.245087      22.117671            nan            nan
        86      14.916472      19.640261            nan            nan
        87       9.768592      24.561960            nan            nan
        88      10.010971      24.397474            nan            nan
        89      16.717180      18.037799            nan            nan
        90      12.936993      21.702722            nan            nan
        91       9.607941      24.867051            nan            nan
        92      15.558015      19.224021            nan            nan
        93      18.181605      16.716599            nan            nan
        94      12.280650      22.313273            nan            nan
        95      14.289049      20.364622            nan            nan
        96      19.849832      15.047186            nan            nan
        97      15.801923      18.864318            nan            nan
        98      12.196128      22.271889            nan            nan
        99      17.891990      16.833608            nan            nan
       100      18.234180      16.470716            nan            nan
       101      11.160674      23.188819            nan            nan
       102      12.763911      21.615243            nan            nan
       103      15.610140      18.898327            nan            nan
       104       9.490816      24.719575            nan            nan
       105       6.087305      27.995371            nan            nan
       106      12.369594      22.000432            nan            nan
       107       9.538098      24.752806            nan            nan
       108       4.211988      29.741270            nan            nan
       109       5.855283      28.200943            nan            nan
       110       9.752291      24.446331            nan            nan
       111       3.833579      30.115824            nan            nan
       112       4.436348      29.515298            nan            nan
       113       9.808705      24.453006            nan            nan
       114       8.774329      25.391066            nan            nan
       115       2.847449      31.093792            nan            nan
       116       9.010688      25.203554            nan            nan
       117      11.402055      22.987482            nan            nan
       118       6.044308      28.110941            nan            nan
       119       6.995549      27.222549            nan            nan
       120      13.255333      21.293668            nan            nan
       121      11.075569      23.396575            nan            nan
       122       8.636767      25.738908            nan            nan
       123      14.779447      19.923579            nan            nan
       124      16.583254      18.244503            nan            nan
       125      11.290721      23.294142            nan            nan
       126      12.139969      22.553027            nan            nan
       127      17.996887      16.985141            nan            nan
       128      12.101525      22.703208            nan            nan
       129       9.690486      24.964514            nan            nan
       130      12.214186      22.682045            nan            nan
       131      13.423724      21.465970            nan            nan
       132       5.860845      28.696224            nan            nan
       133       8.820188      25.790446            nan            nan
       134      13.066084      21.740549            nan            nan
       135       9.828386      24.693965            nan            nan
       136       5.864689      28.429924            nan            nan
       137      10.747014      23.710751            nan            nan
       138       6.974736      27.324711            nan            nan
       139      -0.698735      34.642050            nan            nan
       140      -0.154285      34.294573            nan            nan
       141       3.407908      30.946898            nan            nan
       142      -4.735044      38.729868            nan            nan
       143      -6.054905      39.906456            nan            nan
       144       0.070949      33.977065            nan            nan
       145      -1.293901      35.198391            nan            nan
       146      -5.586983      39.323869            nan            nan
       147      -0.508589      34.622706            nan            nan
       148       0.633046      33.685003            nan            nan
       149     -11.973232      45.993841            nan            nan
