# Cycle: 58, status: ACC, move: ('sh', 0.2624525438698223, 12, 7)
#     Time      Potential        Kinetic
         0     -12.700652      19.057061            nan            nan
         1     -20.146613      26.291164            nan            nan
         2     -18.488972      24.744030            nan            nan
         3     -14.469263      20.799747            nan            nan
         4     -16.663980      22.842678            nan            nan
         5     -15.672538      21.975530            nan            nan
         6     -14.202181      20.709632            nan            nan
         7     -16.086377      22.449076            nan            nan
         8     -12.736916      19.009513            nan            nan
         9      -5.300041      11.820526            nan            nan
        10      -8.773707      15.320610            nan            nan
        11     -17.802292      24.070965            nan            nan
        12     -13.901540      20.226796            nan            nan
        13      -4.713238      11.278945            nan            nan
        14      -7.181458      13.596346            nan            nan
        15     -14.059956      20.353735            nan            nan
        16     -15.883224      22.363846            nan            nan
        17     -14.551957      21.108356            nan            nan
        18     -15.880362      22.281767            nan            nan
        19      -9.526174      16.066090            nan            nan
        20      -4.440144      11.158997            nan            nan
        21      -8.994458      15.538439            nan            nan
        22     -13.041277      19.526351            nan            nan
