# Preparing propagation with AMS engine
# Trajectory label: 031_57441_2_trajF
# Initial file: /home/konrad/opt/infretis_new/infretis/examples/ams/water_dimer_many_workers/worker13/031_57441_2_conf.rkf
# Initial config: /home/konrad/opt/infretis_new/infretis/examples/ams/water_dimer_many_workers/worker13/031_57441_2_conf.rkf
# Initial order parameter: 0.47137109677782746
0 0.47137109677782746
1 0.47320118501318936
2 0.4747582004620194
3 0.4762438933400105
4 0.47765710219105595
5 0.4794499017480657
6 0.4803233953529659
7 0.4812930363921399
8 0.48265225154435365
9 0.4826640080047658
10 0.4832642765571209
11 0.48369846407923117
12 0.48340726673502227
13 0.4832189984783307
14 0.48325985996459786
15 0.48227134993016724
16 0.48201571478022376
17 0.48101702058398327
18 0.48059641328045277
19 0.4794922857604607
20 0.47881210341806507
21 0.478489571077342
22 0.47749210552780824
23 0.47722217568191333
24 0.4774289421324775
25 0.47671301557037543
26 0.47706339052558916
27 0.4771351497867175
28 0.4770773824065231
29 0.4768438385479009
30 0.4771276215695097
31 0.4765748475342849
32 0.47597512095195693
33 0.475541478682185
34 0.4746856562255404
35 0.4732291574023939
36 0.4726696646002082
37 0.4711095675856813
38 0.46978141369141774
39 0.468631146562185
40 0.46712178112970865
41 0.46564316378614357
42 0.46440654414006366
43 0.46290001083918003
44 0.4619120542298525
45 0.46033995995364946
46 0.45963193590745893
47 0.4584974525825299
48 0.4572242047804274
49 0.4567829360682292
50 0.4808567763795047
51 0.45454799823472186
52 0.45392258379179673
53 0.45259468607315795
54 0.45122987085790955
55 0.4504691675432892
56 0.4484383807906057
# Propagation done.
