# Preparing propagation with AMS engine
# Trajectory label: 031_57441_6_trajB
# Initial file: /home/konrad/opt/infretis_new/infretis/examples/ams/water_dimer_many_workers/worker13/031_57441_6_conf.rkf
# Initial config: /home/konrad/opt/infretis_new/infretis/examples/ams/water_dimer_many_workers/worker13/031_57441_6_conf.rkf
# Initial order parameter: 0.44991714005126576
0 0.44991714005126576
1 0.44587395967862653
2 0.44213982778684785
3 0.4383725235075939
4 0.4345465257326842
5 0.4306846478617339
6 0.4272453047977239
7 0.4233255505313443
8 0.419231315552596
9 0.41586204468301785
10 0.4114537032740093
11 0.40754452285494663
12 0.4041088928097711
13 0.3998662703994035
14 0.3962436012081961
15 0.39295247343125944
16 0.38887614162656353
17 0.38543836810447196
18 0.3815352069783856
19 0.37716496709875513
20 0.37246382910791864
21 0.3672710776404112
22 0.3613795703233585
23 0.35610284705108025
24 0.3501178722837353
25 0.344711123467151
26 0.3397984888353
27 0.33512952882605224
28 0.3303662049700896
29 0.3264922104576636
30 0.3220485463098075
31 0.3176145052895537
32 0.31154736665342114
33 0.30662921636387797
34 0.2990691213363739
# Propagation done.
