# Cycle: 42, status: ACC, move: ('sh', 0.27963633937124965, 15, 7)
#     Time      Potential        Kinetic
         0       1.755171      21.386108            nan            nan
         1       3.738771      19.460303            nan            nan
         2       7.806584      15.540690            nan            nan
         3       8.092867      15.386955            nan            nan
         4       5.267533      18.133974            nan            nan
         5      -0.890383      24.204977            nan            nan
         6       1.563627      21.764461            nan            nan
         7       0.760441      22.449076            nan            nan
         8       2.121427      20.921797            nan            nan
         9       0.698089      22.294778            nan            nan
        10      -4.243351      27.078895            nan            nan
        11     -16.846562      39.484018            nan            nan
        12     -18.151451      40.634051            nan            nan
        13     -12.022839      34.458869            nan            nan
        14      -4.128345      26.597926            nan            nan
        15      -2.541392      24.969715            nan            nan
        16      -3.315858      25.867810            nan            nan
        17      -6.756016      29.496166            nan            nan
        18     -14.450798      37.198030            nan            nan
        19      -9.539048      32.503278            nan            nan
        20      -2.682531      25.946777            nan            nan
        21       4.019753      19.339217            nan            nan
        22       6.912643      16.590273            nan            nan
        23       9.687432      14.034423            nan            nan
        24       8.245779      15.551369            nan            nan
