# Preparing propagation with AMS engine
# Trajectory label: 003_162_trajF
# Initial file: /home/konrad/opt/infretis_new/infretis/examples/ams/water_dimer/worker1/003_162_conf.rkf
# Initial config: /home/konrad/opt/infretis_new/infretis/examples/ams/water_dimer/worker1/003_162_conf.rkf
# Initial order parameter: 0.40207683254116433
0 0.40207683254116433
1 0.405205234438468
2 0.41002252874306894
3 0.4135972768134451
4 0.4164796798377156
5 0.41991682964757726
6 0.42276781319236384
7 0.42449753855283584
8 0.4277470347028574
9 0.4293216103056564
10 0.4312930937191689
11 0.43382023063257064
12 0.4353545039882621
13 0.43715472013877316
14 0.4398099883705283
15 0.4409974435411917
16 0.44331312816293267
17 0.44585254595243595
18 0.4471180068358168
19 0.45004766481894354
20 0.45204598081975017
21 0.45392807431977794
22 0.4562571604025436
23 0.45843129176665676
24 0.4596000532115328
25 0.4621935633297567
26 0.4633247560083546
27 0.464841231059003
28 0.4666048020139263
29 0.4675796161866558
30 0.468868042777969
31 0.4700960480103163
32 0.47112465661365255
33 0.4719477719990257
34 0.47325168240945764
35 0.4738684097557859
36 0.4749369489055254
37 0.4755739102664829
38 0.47681571263217554
39 0.477032594650791
40 0.4782423666880787
41 0.47905386149010937
42 0.47934779783298725
43 0.48040706011049533
44 0.48137345081267385
45 0.48107296055336124
46 0.4827352147873336
47 0.4828020046290868
48 0.4831972864248013
49 0.48422106407125715
50 0.484809954831246
51 0.4847447960525451
52 0.4864785882330123
53 0.4861692395951487
54 0.4871886323098444
55 0.48792078286755725
56 0.48835426075816313
57 0.48893485112681395
58 0.4897690203154839
59 0.4899752107670204
60 0.49036858017486157
61 0.49088757550965123
62 0.4905805089386198
63 0.4910128360707611
64 0.4905032706760088
65 0.49067540517211355
66 0.4898966143302233
67 0.49002271758227006
68 0.4890830052077793
69 0.48915068215841334
70 0.4882257593437748
71 0.4883527470311581
72 0.48742320093643293
73 0.4876359758708568
74 0.4868479294009234
75 0.48705564121238065
76 0.4864765329438848
77 0.48675676798880585
78 0.48633597714342014
79 0.4866528018500119
80 0.4864636106778815
81 0.48675804477106305
82 0.48666529944322034
83 0.48710800432302226
84 0.48698644017488235
85 0.487281803613141
86 0.48746046175988594
87 0.4872776922362697
88 0.4871895915357163
89 0.4872551296945748
90 0.4860680283713897
91 0.4858823619203719
92 0.48503240076660886
93 0.4833700062254098
94 0.4831098332669968
95 0.4817813622898272
96 0.48057885528063565
97 0.4801668239646517
98 0.47959382366522435
99 0.4780620280630583
100 0.4791813948674894
101 0.477502610843403
102 0.478179708400948
103 0.47799678458391043
104 0.478233973065046
105 0.4778122736792431
106 0.4793390497146625
107 0.47792952454475
108 0.4794509213842369
109 0.4788209633088161
110 0.4787407786761552
111 0.4783140375865652
112 0.4781235310679012
113 0.4760136116471231
114 0.47621425999707245
115 0.4739952056319509
116 0.47272166685878264
117 0.4720216341670696
118 0.47012539238203305
119 0.4689782725050353
120 0.46854105181521594
121 0.4666586764467761
122 0.46593750757391805
123 0.46540048865442324
124 0.46314662331878625
125 0.46253679061194486
126 0.4608195687930615
127 0.4583820979543191
128 0.45700475047147937
129 0.4547624546141681
130 0.4521342919121255
131 0.4507238952095307
132 0.4482268343967547
133 0.44594822244348775
134 0.44473232846111965
135 0.44212842139844405
136 0.4406722746059439
137 0.4392622970273451
138 0.43720918318404767
139 0.4357104068297795
140 0.4346605257246123
141 0.4317462486806027
142 0.430721279493507
143 0.4279607506125276
144 0.4249125239164642
145 0.4223507528466273
146 0.41924688653562925
147 0.41510975075068035
148 0.4131887543151085
149 0.4091230630823881
150 0.4063370522689219
151 0.4039573393176216
152 0.4007343973638218
153 0.398084930784426
# Propagation done.
