0		2.62118626	2.64169025	13.60601807	13.63229156	13.64308953	0-1
0		13.64308953	13.65123606	14.43718290	14.44298697	14.45649862	4
0		1.47486091	1.49349356	4.86621308	4.87507749	4.88740277	0-1
0		4.88740277	4.89407134	5.48493409	5.48889875	5.50018740	3
0		5.50018740	5.50625038	6.68992758	6.69442415	6.70321059	3
0		6.70321059	6.70991135	8.48402762	8.48865676	8.51336908	3
0		8.51336908	8.51964593	9.39174223	9.39553380	9.40403414	4
0		9.40403414	9.40754294	10.40963793	10.41376424	10.42255354	2
0		10.42255354	10.42987776	12.02083492	12.02509308	12.03439546	4
0		12.03439546	12.03873205	13.39855647	13.40328050	13.41296053	2
0		13.41296053	13.41780615	14.42476773	14.42869997	14.43737984	0
0		14.43737984	14.44056034	14.85201383	14.85592508	14.86315441	0
0		14.86315441	14.86611390	15.17306781	15.17687988	15.18365312	0
0		15.18365312	15.18694353	15.49009585	15.49348664	15.50069976	2
0		15.50069976	15.50414634	16.87530112	16.87985945	16.88965559	0-1
0		16.88965559	16.89300203	17.56452823	17.56830263	17.57951260	0
0		17.57951260	17.58237505	17.97816300	17.98159599	17.98890257	2
0		17.98890257	17.99352551	19.07408714	19.07779527	19.08585334	2
0		19.08585334	19.08999920	20.01139379	20.01501727	20.02428436	1
0		20.02428436	20.02711415	20.37965751	20.38311410	20.39047432	4
0		20.39047432	20.39456224	21.25102615	21.25466776	21.26223826	4
0		21.26223826	21.26544690	22.12138581	22.12543511	22.13631964	2
0		22.13631964	22.14062858	23.31373096	23.31761217	23.32581282	2
0		23.32581282	23.32918048	24.37727284	24.38097811	24.40913057	0-1
0		24.40913057	24.41275668	25.00621819	25.00993752	25.02176332	2
0		25.02176332	25.02553630	26.06505680	26.06906748	26.07815504	0-1
0		26.07815504	26.08126044	26.75146604	26.75540972	26.76715541	4
0		26.76715541	26.77054954	27.42082977	27.42479277	27.43318963	1
0		27.43318963	27.43714261	27.74605465	27.74922729	27.75657201	1
0		27.75657201	27.75961399	28.11604595	28.11972690	28.12340140	0-1
0		28.12340140	28.12662482	28.69652867	28.70028734	28.71182632	1
0		28.71182632	28.71457219	29.09501314	29.09955668	29.10731030	0
0		29.10731030	29.11008620	29.42295504	29.42636228	29.43374372	4
0		29.43374372	29.43794060	30.90949893	30.91361642	30.92265558	1
0		30.92265558	30.92562509	31.18740392	31.19085670	31.19883561	0-1
0		31.19883561	31.20204401	31.93227506	31.93669987	31.94953895	2
0		31.94953895	31.95309711	33.71717143	33.72124839	33.73077345	4
0		33.73077345	33.73374605	34.31034827	34.31385112	34.32260895	0-1
0		34.32260895	34.32680798	34.92873621	34.93257833	34.94446707	0-1
0		34.94446707	34.94758940	35.75192666	35.75633168	35.76909924	2
0		35.76909924	35.77230382	36.94742870	36.95111299	36.96037126	3
0		36.96037126	36.96439075	37.67798257	37.68115783	37.69014192	0
0		37.69014192	37.69317460	38.04502225	38.04865074	38.05227828	3
0		38.05227828	38.05708933	39.15649271	39.16052747	39.17050314	0
0		39.17050314	39.17357540	39.51926708	39.52254558	39.53066611	3
0		39.53066611	39.53373241	41.05006409	41.05484176	41.06446552	2
0		41.06446552	41.06777954	41.97814226	41.98202085	41.99135232	4
0		41.99135232	41.99515986	43.38426399	43.38912678	43.40042400	0-1
0		43.40042400	43.40427613	44.00381184	44.00757456	44.01969600	4
0		44.01969600	44.02455115	45.87220740	45.87699580	45.88719130	4
0		45.88719130	45.89236331	47.56086707	47.56595612	47.56890917	3
0		47.56890917	47.57187414	48.69333005	48.69701600	48.70488715	4
0		48.70488715	48.70788693	49.67026949	49.67391229	49.68188214	2
0		49.68188214	49.68635702	51.20888567	51.21254158	51.22010112	4
0		51.22010112	51.22341466	52.00248075	52.00632453	52.02049971	4
0		52.02049971	52.02587247	53.02896214	53.03285122	53.04092407	2
0		53.04092407	53.04399896	54.10777760	54.11153150	54.12080264	4
0		54.12080264	54.12397456	55.06801438	55.07144427	55.07914066	4
0		55.07914066	55.08277917	55.94830799	55.95201397	55.95983648	4
0		55.95983648	55.96310425	56.73838663	56.74204421	56.74982166	0
0		56.74982166	56.75277328	57.07689142	57.08030510	57.08745790	4
0		57.08745790	57.09041715	58.48995495	58.49333072	58.50095177	4
0		58.50095177	58.50405526	59.08383822	59.08721542	59.09455299	0
0		59.09455299	59.09724855	59.38079906	59.38451791	59.39132643	4
0		59.39132643	59.39418936	61.08638167	61.09203839	61.16187096	4
0		61.16187096	61.16767478	62.19307208	62.19764233	62.20653248	0
0		62.20653248	62.20930433	62.52049756	62.52375960	62.52642179	3
0		62.52642179	62.53055739	63.49510813	63.49898100	63.50739765	3
0		63.50739765	63.51051211	64.45442653	64.45818138	64.48450851	2
0		64.48450851	64.48882508	65.45063210	65.45436358	65.46287346	1
0		65.46287346	65.46586752	65.78374147	65.78744125	65.79437351	4
0		65.79437351	65.79826522	67.02131486	67.02519441	67.03290725	1
0		67.03290725	67.03579521	67.34778857	67.35136747	67.35851550	2
0		67.35851550	67.36226273	68.51109481	68.51502013	68.52365589	4
0		68.52365589	68.52686048	69.41453576	69.41847253	69.43499041	0
0		69.43499041	69.43800211	69.76115990	69.76461959	69.79300952	2
0		69.79300952	69.79699183	70.82140660	70.82542372	70.83486819	0
0		70.83486819	70.83772564	71.15937352	71.16401649	71.17078543	0
0		71.17078543	71.17367196	71.48469353	71.48809314	71.51179910	2
0		71.51179910	71.51539540	72.26145315	72.26509690	72.27296042	4
0		72.27296042	72.27591181	73.78587890	73.78987312	73.79807615	0
0		73.79807615	73.80106807	74.64079142	74.64509368	74.65447164	0-1
0		74.65447164	74.65927267	75.21269917	75.21662402	75.22860551	4
0		75.22860551	75.23237896	75.94841743	75.95164323	75.97318172	4
0		75.97318172	75.97607446	76.67075944	76.67450595	76.68680191	0-1
0		76.68680191	76.69001245	77.81642580	77.82094383	77.84459186	0-1
0		77.84459186	77.85048819	78.41093063	78.41469526	78.46574426	4
0		78.46574426	78.46862173	80.46727657	80.47345376	80.48452449	4
0		80.48452449	80.48763824	81.31469178	81.31861591	81.32616043	2
0		81.32616043	81.32921815	82.91568947	82.91992831	82.92912126	4
0		82.92912126	82.93357372	83.80265236	83.80631447	83.81526065	0-1
0		83.81526065	83.81846404	84.93961978	84.94396853	85.06470299	2
0		85.06470299	85.06904006	86.11178279	86.11587715	86.12434769	4
0		86.12434769	86.12766075	86.97641993	86.98015165	86.99993706	1
0		86.99993706	87.00270653	87.29317307	87.29678416	87.31358242	2
0		87.31358242	87.31679177	88.06260443	88.06602621	88.08367658	2
0		88.08367658	88.08702564	90.10215878	90.10727620	90.11789894	0-1
0		90.11789894	90.12343836	91.05939555	91.06305456	91.07447219	0
0		91.07447219	91.07729077	91.42028594	91.42392182	91.43183756	2
0		91.43183756	91.43819976	93.49461102	93.50008178	93.51086378	2
0		93.51086378	93.51388192	95.11914277	95.12391162	95.17611909	0-1
0		95.17611909	95.17940855	96.22915530	96.23378134	96.24674487	2
0		96.24674487	96.25290394	97.34263682	97.34648299	97.35486984	1
0		97.35486984	97.35749555	97.75026345	97.75360417	97.77194929	4
0		97.77194929	97.77866626	99.00107646	99.00542617	99.03279877	0
0		99.03279877	99.03705645	99.44027758	99.44376230	99.45230222	0-1
0		99.45230222	99.45600677	100.79731965	100.80204201	100.86411309	3
0		100.86411309	100.86726499	101.64424276	101.64792633	101.66913676	4
0		101.66913676	101.67382789	102.93449378	102.93935084	102.96453452	4
0		102.96453452	102.96755528	104.35616565	104.36078167	104.37135005	0-1
0		104.37135005	104.37633181	105.04446936	105.04821229	105.06739545	3
0		105.06739545	105.14570689	105.88427472	105.88800335	105.89655113	3
0		105.89655113	105.90199733	107.49052691	107.49442434	107.51781797	1
0		107.51781797	107.52064085	107.79821825	107.80160379	107.80973530	0-1
0		107.80973530	107.81284404	108.65589118	108.66005063	108.68746448	2
0		108.68746448	108.69227314	109.61401224	109.61771584	109.62636900	3
0		109.62636900	109.63019729	110.69237161	110.69633102	110.71420407	4
0		110.71420407	110.71736407	112.71182275	112.71653104	112.72609830	4
0		112.72609830	112.73099971	113.94501615	113.94960713	113.95278716	3
0		113.95278716	113.95647025	114.73591661	114.74029660	114.74868631	3
0		114.74868631	114.75385642	115.73750377	115.74102426	115.75060534	0-1
0		115.75060534	115.75436330	116.43905568	116.44295144	116.45488524	2
0		116.45488524	116.45810580	117.37885690	117.38287759	117.39141154	0-1
0		117.39141154	117.39457822	118.29702353	118.30136752	118.31275821	2
0		118.31275821	118.31596518	119.00713205	119.01041269	119.01871395	2
0		119.01871395	119.02180576	120.11399817	120.11764717	120.13831758	0
0		120.13831758	120.14195442	120.66507673	120.66861081	120.67631555	3
0		120.67631555	120.68001461	122.44614840	122.45108390	122.46178365	0
0		122.46178365	122.46483827	122.79875922	122.80223370	122.80987883	4
0		122.80987883	122.81303191	123.50836372	123.51186395	123.51987171	0
0		123.51987171	123.52269077	123.87218595	123.87572289	123.88307214	4
0		123.88307214	123.88614678	125.36420107	125.36820889	125.37126446	4
0		125.37126446	125.37430191	126.31772113	126.32152343	126.32988572	0-1
0		126.32988572	126.33469391	126.99882507	127.00234747	127.03377771	0
0		127.03377771	127.03657365	127.35428739	127.35782218	127.36527252	2
0		127.36527252	127.37073398	128.95328593	128.95695949	128.97996020	4
0		128.97996020	128.98327065	130.86542606	130.87034845	130.88037086	0-1
0		130.88037086	130.88363457	131.51679730	131.52039242	131.53281236	0-1
0		131.53281236	131.53591228	132.20779872	132.21162844	132.23114705	4
0		132.23114705	132.23456192	133.13476253	133.13873291	133.14786863	0-1
0		133.14786863	133.15127993	133.77584219	133.77971220	133.79071307	3
0		133.79071307	133.79371428	134.79065871	134.79451060	134.80294871	3
0		134.80294871	134.80656195	136.12377548	136.12818146	136.15543294	4
0		136.15543294	136.15979815	137.08553457	137.08926344	137.09730887	3
0		137.09730887	137.10038948	138.03679085	138.04132080	138.05037212	0-1
0		138.05037212	138.05352592	138.75544667	138.75943136	138.77176476	3
0		138.77176476	138.77530742	139.67193365	139.67568707	139.68471932	2
0		139.68471932	139.68816781	140.63002610	140.63357997	140.64176035	3
0		140.64176035	140.64482260	141.80547023	141.80958486	141.81817603	0
0		141.81817603	141.82106805	142.19095635	142.19449639	142.20191765	1
0		142.20191765	142.20485187	142.54430342	142.54802513	142.55550694	2
0		142.55550694	142.56065726	144.04763746	144.05159521	144.06059289	3
0		144.06059289	144.06501007	145.32024932	145.32443428	145.33418083	4
0		145.33418083	145.33872771	146.37266397	146.37626076	146.38844395	0
0		146.38844395	146.39183974	147.19899559	147.20271516	147.20586133	0
0		147.20586133	147.20880890	147.66470075	147.66894078	147.67663860	3
0		147.67663860	147.68055677	148.56069946	148.56424022	148.57236195	4
0		148.57236195	148.57546687	149.38568950	149.38939667	149.39721107	0
0		149.39721107	149.40018058	149.78700566	149.79080343	149.79370952	2
0		149.79370952	149.79668736	150.93212271	150.93636751	150.94511652	3
0		150.94511652	150.94870186	151.83047128	151.83437037	151.84267735	2
0		151.84267735	151.84663486	154.27982259	154.28459311	154.29398799	2
0		154.29398799	154.29729176	156.02522850	156.02930999	156.05252314	3
0		156.05252314	156.05762267	157.34379649	157.34838867	157.35736227	4
0		157.35736227	157.36031914	158.15723133	158.16084456	158.16877580	0
0		158.16877580	158.17181420	158.51892042	158.52227688	158.52558231	0-1
0		158.52558231	158.52884102	159.06387663	159.06823659	159.07955837	3
0		159.07955837	159.08418894	159.79763746	159.80120468	159.80934191	2
0		159.80934191	159.81335068	160.76104665	160.76444888	160.77272534	2
0		160.77272534	160.77577186	161.62240052	161.62592053	161.63416600	3
0		161.63416600	161.63729024	162.57352996	162.57690692	162.59680748	0
0		162.59680748	162.59964347	162.89751482	162.90141988	162.90779376	4
0		162.90779376	162.91069221	164.11477518	164.11877108	164.12769604	4
0		164.12769604	164.13071918	164.81433868	164.81784320	164.82518911	1
0		164.82518911	164.82779741	165.07696486	165.08070159	165.08372426	0-1
0		165.08372426	165.08692122	165.71052718	165.71401834	165.72448254	2
0		165.72448254	165.72766638	166.64039850	166.64404440	166.65232110	0-1
0		166.65232110	166.65572691	167.24777508	167.25173712	167.26215911	4
0		167.26215911	167.26589584	168.35368705	168.35757232	168.36601329	3
0		168.36601329	168.36934018	169.33992386	169.34401464	169.35280776	0
0		169.35280776	169.35570765	169.74007177	169.74327660	169.74595809	3
0		169.74595809	169.74901652	171.00548840	171.00922775	171.01725602	4
0		171.01725602	171.02064681	171.86859322	171.87242866	171.88035750	3
0		171.88035750	171.88360572	173.39555836	173.47174191	173.48059273	2
0		173.48059273	173.48395824	174.90132976	174.90542245	174.91512370	4
0		174.91512370	174.91876006	176.13220477	176.13609028	176.14564824	4
0		176.14564824	176.14983654	177.07007456	177.07414603	177.07724905	2
0		177.07724905	177.08110070	178.18721461	178.19095397	178.19914556	4
0		178.19914556	178.20224714	179.54665065	179.55063701	179.55943823	4
0		179.55943823	179.56358910	181.02597237	181.03010583	181.03947043	2
0		181.03947043	181.04298592	182.06268573	182.06644630	182.07503152	3
0		182.07503152	182.07880616	183.22991681	183.23373461	183.24160647	3
0		183.24160647	183.24487686	184.56589818	184.57051420	184.58016825	1
0		184.58016825	184.58285546	184.93354535	184.93703794	184.94535589	3
1		1.56396055	1.58223915	3.10112214	3.10655785	3.11898279	1
1		3.11898279	3.12210107	3.40060019	3.40423942	3.40723801	1
1		3.40723801	3.40977383	3.69426298	3.69740248	3.70481920	0-1
1		3.70481920	3.70889020	4.24223685	4.24557853	4.25688887	0
1		4.25688887	4.25965714	4.53910208	4.54271936	4.54513311	0
1		4.54513311	4.54787493	4.88032532	4.88365531	4.90111995	0-1
1		4.90111995	4.90426421	5.52332640	5.52684259	5.55915451	0-1
1		5.55915451	5.56236935	6.08466673	6.08794498	6.10004330	1
1		6.10004330	6.10249615	6.25548553	6.25834179	6.26082611	0
1		6.26082611	6.26463270	6.61050081	6.61362410	6.62171364	1
1		6.62171364	6.62413406	6.74495292	6.74765873	6.75020790	1
1		6.75020790	6.75245309	6.99543786	6.99828434	7.00102401	0-1
1		7.00102401	7.00458455	7.58785462	7.59124470	7.60371399	0-1
1		7.60371399	7.60685945	8.12376785	8.12702537	8.13935852	1
1		8.13935852	8.14178538	8.26330328	8.26617169	8.26860547	0
1		8.26860547	8.27113652	8.61063385	8.61394644	8.62139893	0
1		8.62139893	8.62442255	8.94559860	8.94894409	8.97904158	0-1
1		8.97904158	8.98194432	9.60077143	9.60444283	9.62435150	0
1		9.62435150	9.62697148	9.95495772	9.95814919	9.96590185	0
1		9.96590185	9.96862507	10.31899571	10.32237649	10.36961174	0-1
1		10.36961174	10.37258387	10.96354818	10.96708250	10.98088694	0-1
1		10.98088694	10.98392892	11.57385635	11.57715368	11.60666728	0
1		11.60666728	11.60957289	12.16796613	12.17135119	12.19464111	0-1
1		12.19464111	12.19812703	12.79050589	12.79402614	12.81839705	0-1
1		12.81839705	12.82141304	13.63335562	13.63740516	13.64903688	0
1		13.64903688	13.65233302	13.94671178	13.94998574	13.95694304	0
1		13.95694304	13.95954609	14.25062132	14.25366282	14.26081109	0-1
1		14.26081109	14.26401019	15.06978750	15.07326341	15.08441019	0-1
1		15.08441019	15.08784938	15.62534261	15.62961769	15.64136553	0-1
1		15.64136553	15.64444804	16.43201661	16.43601084	16.44855571	1
1		16.44855571	16.45168734	16.95127559	16.95522976	16.95781207	0
1		16.95781207	16.96047449	17.29751801	17.30056906	17.30790496	0
1		17.30790496	17.31097865	18.00225973	18.00678182	18.01552749	0-1
1		18.01552749	18.01980138	18.49524379	18.49834442	18.53418565	1
1		18.53418565	18.53644037	18.66456461	18.66754413	18.67003036	0
1		18.67003036	18.67258286	18.95962048	18.96264458	18.98256516	1
1		18.98256516	18.98487544	19.11876392	19.12164283	19.12394667	0
1		19.12394667	19.12634373	19.44323778	19.44615936	19.45289397	1
1		19.45289397	19.45579886	19.59408283	19.59695387	19.59935188	0
1		19.59935188	19.60188198	19.96162248	19.96461248	19.96702695	1
1		19.96702695	19.96935511	20.12667990	20.12960172	20.13234806	0-1
1		20.13234806	20.13500738	21.25593996	21.26024747	21.28938770	0-1
1		21.28938770	21.29371309	21.79095912	21.79455638	21.80669451	0
1		21.80669451	21.80933022	23.81738091	23.82334518	23.83394194	0
1		23.83394194	23.84011459	26.13286495	26.13853145	26.14168406	0-1
1		26.14168406	26.14833093	27.03622532	27.03998590	27.05229473	0
1		27.05229473	27.05692744	27.38918281	27.39245009	27.39948797	1
1		27.39948797	27.40201330	27.63490343	27.63774347	27.64033031	0
1		27.64033031	27.64306188	28.02825356	28.03199267	28.03467131	0-1
1		28.03467131	28.03757763	30.33606935	30.34246302	30.35655665	1
1		30.35655665	30.35943532	30.97097516	30.97412634	30.97717214	0-1
1		30.97717214	30.98372149	31.55041695	31.55380917	31.56531763	0-1
1		31.56531763	31.57139730	33.80757666	33.81338763	33.82756877	1
1		33.82756877	33.83010793	34.10128689	34.10443473	34.11111546	1
1		34.11111546	34.11353135	34.38686800	34.38981891	34.39690065	0-1
1		34.39690065	34.40422153	34.97973895	34.98323417	34.99366212	1
1		34.99366212	34.99616814	35.21495581	35.21782708	35.22019076	0
1		35.22019076	35.22266030	35.88306403	35.88618159	35.88918591	1
1		35.88918591	35.89207864	36.05566788	36.05865312	36.06153703	0-1
1		36.06153703	36.06431675	38.25894976	38.26433420	38.27803254	0
1		38.27803254	38.28403354	38.65994167	38.66314411	38.67021799	0
1		38.67021799	38.67279148	39.17688394	39.17997575	39.18285799	0-1
1		39.18285799	39.18580770	39.79338551	39.79689717	39.80889130	0-1
1		39.80889130	39.81181121	40.38746595	40.39080620	40.40261650	0-1
1		40.40261650	40.40598631	40.97451591	40.97784901	40.99000812	0-1
1		40.99000812	40.99299169	41.57412529	41.57780290	41.58966589	0
1		41.58966589	41.59269547	41.91172791	41.91495156	41.91775584	0-1
1		41.91775584	41.92060137	42.50181127	42.50661230	42.51977730	1
1		42.51977730	42.52251840	42.95621991	42.95989823	42.96833849	0-1
1		42.96833849	42.97163081	43.51357627	43.51725674	43.53408003	0-1
1		43.53408003	43.53709579	44.25884891	44.26237559	44.27450109	1
1		44.27450109	44.27727914	44.63412809	44.63732982	44.64544010	1
1		44.64544010	44.64854074	44.95534635	44.95864606	44.96133065	1
1		44.96133065	44.96407557	45.36628103	45.36974716	45.37813520	0-1
1		45.37813520	45.38149047	45.92210937	45.92551160	45.93655634	0-1
1		45.93655634	45.93936181	46.62920332	46.63272023	46.64547944	1
1		46.64547944	46.64825773	47.00078511	47.00461102	47.01255536	0-1
1		47.01255536	47.01609969	47.68354511	47.68732977	47.70015001	0-1
1		47.70015001	47.70296621	48.36431193	48.36809826	48.38090348	0-1
1		48.38090348	48.38395000	48.94023538	48.94354534	48.95346141	1
1		48.95346141	48.95604610	49.21374631	49.21692801	49.22415042	0-1
1		49.22415042	49.22706079	50.12792110	50.13170385	50.14347315	0
1		50.14347315	50.14666033	50.49061918	50.49428678	50.50166559	1
1		50.50166559	50.50487709	50.86941528	50.87268567	50.88035846	0-1
1		50.88035846	50.88502622	51.41153789	51.41491699	51.42688847	0-1
1		51.42688847	51.42969608	52.11719084	52.12070084	52.13213611	0-1
1		52.13213611	52.13541436	52.65875196	52.66177726	52.67319727	0-1
1		52.67319727	52.67617822	53.35484791	53.35821629	53.36977267	1
1		53.36977267	53.37260127	53.68971944	53.69281220	53.70006609	0-1
1		53.70006609	53.70334101	54.23838305	54.24158049	54.25251746	1
1		54.25251746	54.25503802	54.65705967	54.65992904	54.66244626	0-1
1		54.66244626	54.66528749	55.34830046	55.35153532	55.36221981	0
1		55.36221981	55.36477876	55.66468048	55.66776443	55.67468405	0
1		55.67468405	55.67720890	55.98643303	55.98958182	55.99680901	0-1
1		55.99680901	55.99987364	56.61415005	56.61757565	56.62883806	0
1		56.62883806	56.63134432	57.00578356	57.00893545	57.01667547	0
1		57.01667547	57.01952410	57.37694097	57.37989354	57.38722682	0
1		57.38722682	57.38980007	57.65371060	57.65693998	57.65953422	0-1
1		57.65953422	57.66268873	58.25412655	58.25736761	58.26848412	1
1		58.26848412	58.27094817	58.52962041	58.53261828	58.53985190	0-1
1		58.53985190	58.54277134	59.21037936	59.21397686	59.22546244	0-1
1		59.22546244	59.22868896	59.75690413	59.76032686	59.77117443	0-1
1		59.77117443	59.77396417	60.40742254	60.41088247	60.42276239	0-1
1		60.42276239	60.42611003	60.95386672	60.95718980	60.96813893	1
1		60.96813893	60.97045279	61.35916448	61.36238527	61.37006426	0
1		61.37006426	61.37258410	61.70360327	61.70686793	61.71425843	0-1
1		61.71425843	61.71737432	62.30791140	62.31136584	62.32296562	0-1
1		62.32296562	62.32598996	63.06303048	63.06674600	63.07793927	0
1		63.07793927	63.08057117	63.40680480	63.40970397	63.41644669	0-1
1		63.41644669	63.42072225	64.03758097	64.04080629	64.05259967	1
1		64.05259967	64.05627060	64.38619423	64.38931417	64.39681578	0-1
1		64.39681578	64.39968276	65.09406304	65.09753466	65.10921597	1
1		65.10921597	65.11213970	65.51373911	65.51708221	65.52420902	1
1		65.52420902	65.52721882	65.89969754	65.90300560	65.90603209	0
1		65.90603209	65.90868497	66.17461967	66.17773843	66.18059015	0-1
1		66.18059015	66.18363070	66.81874347	66.82233071	66.83343053	0-1
1		66.83343053	66.83629417	67.49807239	67.50160480	67.51384068	0-1
1		67.51384068	67.51690865	68.13019943	68.13365793	68.14526320	0
1		68.14526320	68.14780259	68.50241756	68.50660229	68.51463723	0
1		68.51463723	68.51736403	68.83819318	68.84118819	68.84858203	1
1		68.84858203	68.85104918	69.18953872	69.19262195	69.19994593	1
1		69.19994593	69.20256042	69.66135955	69.66451168	69.67184019	0
1		69.67184019	69.67436576	69.98794818	69.99095035	69.99773908	1
1		69.99773908	70.00014901	70.35734749	70.36107039	70.36810851	1
1		70.36810851	70.37063813	70.62973571	70.63263202	70.64019704	0-1
1		70.64019704	70.64299488	71.37664342	71.38032293	71.39146328	0
1		71.39146328	71.39415479	71.70250177	71.70549655	71.71235251	0
1		71.71235251	71.71492410	72.03907919	72.04212546	72.04971862	0
1		72.04971862	72.05230260	72.38795567	72.39093471	72.39826202	0-1
1		72.39826202	72.40111661	73.03939748	73.04283690	73.05346894	0-1
1		73.05346894	73.05748534	73.71704936	73.72054505	73.73184156	0
1		73.73184156	73.73436832	74.08932805	74.09230089	74.09509420	0-1
1		74.09509420	74.09816313	74.75034332	74.75377750	74.76486635	0-1
1		74.76486635	74.76788068	75.40761900	75.41127610	75.42225862	0
1		75.42225862	75.42534471	75.76792884	75.77106333	75.77863240	0-1
1		75.77863240	75.78195786	76.38909650	76.39235902	76.40322900	1
1		76.40322900	76.40578008	76.69813108	76.70108008	76.70350409	0
1		76.70350409	76.70600462	77.03015494	77.03330874	77.04088449	0
1		77.04088449	77.04383898	77.48913598	77.49236512	77.49480391	1
1		77.49480391	77.49722862	77.74042082	77.74357319	77.75069118	0-1
1		77.75069118	77.75364661	78.39885306	78.40232587	78.41328597	0-1
1		78.41328597	78.41625476	78.96404576	78.96738219	78.97832489	0-1
1		78.97832489	78.98111868	79.61489844	79.61829901	79.62929082	0-1
1		79.62929082	79.63253403	80.15713453	80.16030526	80.17081308	1
1		80.17081308	80.17329741	80.43332314	80.43628192	80.43904400	0-1
1		80.43904400	80.44188094	81.10098982	81.10427904	81.11579466	0-1
1		81.11579466	81.11905622	81.66186833	81.66525626	81.67680955	0-1
1		81.67680955	81.67994857	82.30948925	82.31288838	82.32435465	0
1		82.32435465	82.32717061	82.62943935	82.63232207	82.63943291	0-1
1		82.63943291	82.64232230	83.23751283	83.24088073	83.25288081	0
1		83.25288081	83.25563431	83.58591604	83.58893728	83.59634900	1
1		83.59634900	83.59895563	83.97166419	83.97492719	83.97768641	0-1
1		83.97768641	83.98082256	84.55153799	84.55582142	84.56718683	0-1
1		84.56718683	84.57017636	85.18009877	85.18342996	85.19425011	0-1
1		85.19425011	85.19720316	85.78614163	85.78952026	85.80147338	0-1
1		85.80147338	85.80452847	86.44096851	86.44444370	86.45534849	1
1		86.45534849	86.45845151	86.77429318	86.77737498	86.78472209	1
1		86.78472209	86.78730655	87.15902448	87.16223812	87.16894293	1
1		87.16894293	87.17141485	87.70081639	87.70417070	87.71191239	0-1
1		87.71191239	87.71532941	88.26414871	88.26755047	88.27948070	0-1
1		88.27948070	88.28225327	89.11102509	89.11478996	89.12620044	0
1		89.12620044	89.12870359	89.38339877	89.38645434	89.38924956	0-1
1		89.38924956	89.39323306	89.93790722	89.94149542	89.95255923	0-1
1		89.95255923	89.95604706	90.78110695	90.78530693	90.79780316	0
1		90.79780316	90.80065298	91.12372088	91.12690139	91.13401580	1
1		91.13401580	91.13746119	91.54555631	91.54893255	91.55685925	1
1		91.55685925	91.55995536	92.01256132	92.01561236	92.02319360	1
1		92.02319360	92.02612352	92.42094445	92.42422104	92.43181348	1
1		92.43181348	92.43457222	92.86963677	92.87303019	92.88132048	0-1
1		92.88132048	92.88477135	93.51642823	93.51988077	93.53210282	0
1		93.53210282	93.53477812	93.88645077	93.88959908	93.89714313	0
1		93.89714313	93.89969921	94.41782594	94.42110395	94.42397761	1
1		94.42397761	94.42650723	94.78534961	94.78847289	94.79613590	0-1
1		94.79613590	94.79986095	95.35465670	95.35795927	95.36888981	0
1		95.36888981	95.37141705	95.64958906	95.65253115	95.65920258	1
1		95.65920258	95.66161180	95.94740558	95.95054030	95.95309806	1
1		95.95309806	95.95585537	96.18864298	96.19158602	96.19888616	0-1
1		96.19888616	96.20197988	97.27588582	97.27996087	97.29257345	1
1		97.29257345	97.29599571	97.69372797	97.69694781	97.70424151	0
1		97.70424151	97.70677304	98.19511580	98.19824219	98.20069647	1
1		98.20069647	98.20327950	98.63813877	98.64128137	98.64893508	0-1
1		98.64893508	98.65288997	99.29646492	99.30009294	99.31205750	0-1
1		99.31205750	99.31512642	100.03791118	100.04168630	100.05286646	1
1		100.05286646	100.05667138	100.53711963	100.54038382	100.54782033	0
1		100.54782033	100.55054045	100.87541461	100.87855244	100.88502836	1
1		100.88502836	100.88772392	101.44273186	101.44626522	101.45045924	0-1
1		101.45045924	101.45424509	102.04477406	102.04792762	102.05964732	0-1
1		102.05964732	102.06250691	102.86301112	102.86687160	102.87875652	1
1		102.87875652	102.88185549	103.43466663	103.43809700	103.44588566	0-1
1		103.44588566	103.44930315	104.02133608	104.02485561	104.03558922	1
1		104.03558922	104.03810215	104.40291929	104.40625167	104.41386628	0-1
1		104.41386628	104.41807175	105.21596241	105.21957922	105.23136783	0-1
1		105.23136783	105.23500538	105.87742758	105.88160133	105.89300752	0-1
1		105.89300752	105.89633775	106.69434261	106.69795728	106.70950294	0-1
1		106.70950294	106.71284389	107.36519480	107.36932135	107.38157701	0-1
1		107.38157701	107.38456893	108.19469404	108.19834876	108.21039581	1
2		1.82203674	1.84520102	3.74992895	3.75563598	3.76474309	4
2		3.76474309	3.76864624	4.75649238	4.76027727	4.76799893	4
2		4.76799893	4.77140832	5.52572727	5.52914357	5.53663421	4
2		5.53663421	5.53966093	6.89131546	6.89460278	6.89689279	4
2		6.89689279	6.90000796	8.05609226	8.06064939	8.06899452	4
2		8.06899452	8.07361555	9.26201677	9.26569414	9.27464175	4
2		9.27464175	9.27956843	10.47779512	10.48223209	10.48517060	4
2		10.48517060	10.49041462	11.46159601	11.46476793	11.47194266	4
2		11.47194266	11.47494984	13.00282454	13.00750184	13.01711059	4
2		13.01711059	13.02210236	14.11056304	14.11465216	14.12317061	4
2		14.12317061	14.12695169	16.23439908	16.23961091	16.24983764	4
2		16.24983764	16.25609279	17.06486273	17.06820154	17.07584095	4
2		17.07584095	17.07917571	18.06673431	18.07045770	18.07814407	4
2		18.07814407	18.08141565	18.89349723	18.89684343	18.90455556	4
2		18.90455556	18.90788102	19.61559367	19.61897945	19.62652922	4
2		19.62652922	19.62946033	20.85113788	20.85439157	20.85691595	4
2		20.85691595	20.86036301	22.09512806	22.09875798	22.10741663	4
2		22.10741663	22.11127186	23.59174418	23.59589815	23.59838176	4
2		23.59838176	23.60231304	24.31501555	24.31827235	24.32525182	4
2		24.32525182	24.32805705	25.33901739	25.34302473	25.35073614	4
2		25.35073614	25.35466647	26.20659375	26.21015549	26.21722960	4
2		26.21722960	26.22030115	27.33061695	27.33425736	27.34147143	4
2		27.34147143	27.34465170	27.96480060	27.96814704	27.97482228	4
2		27.97482228	27.97760725	29.15201235	29.15615654	29.16490817	4
2		29.16490817	29.16943622	29.93489599	29.93811321	29.94551563	4
2		29.94551563	29.94865537	30.86594224	30.86954951	30.87786889	4
2		30.87786889	30.88132501	32.09703016	32.10136056	32.11131430	4
2		32.11131430	32.11636806	33.35504603	33.35918570	33.36791825	4
2		33.36791825	33.43433809	35.00379109	35.00855446	35.01828980	4
2		35.01828980	35.02338338	36.29879737	36.30407262	36.30643725	4
2		36.30643725	36.31180382	37.58071661	37.58478022	37.59421062	4
2		37.59421062	37.59893036	38.50741529	38.51076436	38.51847625	4
2		38.51847625	38.52141285	39.27925396	39.28275323	39.29042935	4
2		39.29042935	39.29357648	40.22297478	40.22633862	40.23387194	4
2		40.23387194	40.23684335	41.61692929	41.62147713	41.63214469	4
2		41.63214469	41.63687563	42.97479558	42.97875667	42.98778558	4
2		42.98778558	42.99215746	43.78917813	43.79245567	43.80117273	4
2		43.80117273	43.80444622	44.44126058	44.44419360	44.45096564	4
2		44.45096564	44.45372820	45.17754555	45.18069267	45.18856621	4
2		45.18856621	45.19146562	46.16392827	46.16731501	46.17492437	4
2		46.17492437	46.17781663	47.34033132	47.34430122	47.35394907	4
2		47.35394907	47.35833216	48.69173121	48.69605899	48.70529842	4
2		48.70529842	48.71018314	49.59430504	49.59822226	49.60614324	4
2		49.60614324	49.60937500	50.94799423	51.01211286	51.01487732	4
2		51.01487732	51.01866269	51.66492152	51.66804671	51.67528963	4
2		51.67528963	51.67813849	52.33826041	52.34172630	52.34924626	4
2		52.34924626	52.35221052	53.41345716	53.41699862	53.41952562	4
2		53.41952562	53.42251158	54.22166896	54.22486973	54.23220515	4
2		54.23220515	54.23514676	55.00625992	55.00969577	55.01719999	4
2		55.01719999	55.02009392	55.78187728	55.78522468	55.79260421	4
2		55.79260421	55.79563165	57.93178964	57.93745208	57.94855094	4
2		57.94855094	57.95603633	58.83838749	58.84217453	58.85057282	4
2		58.85057282	58.85411000	59.67406726	59.67804718	59.75494862	4
2		59.75494862	59.75867367	60.57610059	60.57970452	60.58723140	4
2		60.58723140	60.59024262	61.89145994	61.89526606	61.90286374	4
2		61.90286374	61.90615702	62.61497712	62.61833549	62.62523031	4
2		62.62523031	62.62821603	63.62208652	63.62563324	63.62818742	4
2		63.62818742	63.63126779	64.74272037	64.74696159	64.75527406	4
2		64.75527406	64.75915694	65.41620660	65.41968703	65.42713618	4
2		65.42713618	65.43021750	66.45710230	66.46104765	66.46843410	4
2		66.46843410	66.47176719	67.24755168	67.25146675	67.25886488	4
2		67.25886488	67.26197982	68.01948905	68.02313805	68.03035665	4
2		68.03035665	68.03352666	68.67326188	68.67706871	68.68438935	4
2		68.68438935	68.68737769	70.02711225	70.03158116	70.04047036	4
2		70.04047036	70.04561996	70.76258779	70.76604414	70.77348924	4
2		70.77348924	70.77622247	71.52943420	71.53280401	71.54027486	4
2		71.54027486	71.54321384	72.44612217	72.44985604	72.45799351	4
2		72.45799351	72.46117592	73.46454811	73.46873665	73.47714281	4
2		73.47714281	73.48085380	75.10900187	75.11278558	75.12099743	4
2		75.12099743	75.12436390	76.08435464	76.08832622	76.09633660	4
2		76.09633660	76.09968448	77.69574547	77.69957995	77.70199347	4
2		77.70199347	77.70557714	78.51053238	78.51458335	78.52203989	4
2		78.52203989	78.52499223	79.12161493	79.12511873	79.13180208	4
2		79.13180208	79.13448286	79.82304096	79.82654357	79.83401799	4
2		79.83401799	79.83716488	80.49437833	80.49807906	80.50507641	4
2		80.50507641	80.50798917	81.24166250	81.24520278	81.25260806	4
2		81.25260806	81.25613952	82.31659341	82.32088923	82.32925701	4
2		82.32925701	82.33402920	82.99716258	83.00062346	83.00733852	4
2		83.00733852	83.01043439	84.61665893	84.62130547	84.63036489	4
2		84.63036489	84.63491488	85.48196125	85.48569179	85.49376726	4
2		85.49376726	85.49713182	86.75765038	86.76198268	86.77027488	4
2		86.77027488	86.77464008	87.58755136	87.59115219	87.59842658	4
2		87.59842658	87.60159254	88.97466898	88.97946858	88.98825336	4
2		88.98825336	88.99304676	89.78593016	89.78908110	89.79703212	4
2		89.79703212	89.80074525	90.81213140	90.81621408	90.82470965	4
2		90.82470965	90.82854366	91.99474168	91.99890733	92.00706673	4
2		92.00706673	92.01070809	93.32167077	93.32520008	93.33322406	4
2		93.33322406	93.33656120	94.63431096	94.63930392	94.64835095	4
2		94.64835095	94.65306044	95.80098367	95.80492806	95.81409788	4
2		95.81409788	95.81872964	96.57997179	96.58328533	96.59114313	4
2		96.59114313	96.59426641	97.70748401	97.71120095	97.71857309	4
2		97.71857309	97.72161150	99.12053657	99.12425280	99.12660360	4
2		99.12660360	99.12979674	100.00486445	100.00843453	100.01627564	4
3		1.49486446	1.51295567	3.41697216	3.42324805	3.45471859	2
3		3.45471859	3.45893288	5.51203299	5.51659608	5.52704263	2
3		5.52704263	5.53256035	7.07070589	7.07409477	7.08177018	2
3		7.08177018	7.08524084	7.93044710	7.93389463	7.94160891	2
3		7.94160891	7.94473314	9.34683156	9.35038972	9.35780787	2
3		9.35780787	9.36133695	10.74957943	10.75311375	10.76085234	2
3		10.76085234	10.76412868	12.16263652	12.16583872	12.17342305	2
3		12.17342305	12.17654109	13.09243631	13.09596324	13.10429692	2
3		13.10429692	13.10740137	13.92477489	13.92832756	13.93621850	2
3		13.93621850	13.93929100	14.84542346	14.84934902	14.85732460	2
3		14.85732460	14.86074495	16.20309567	16.20686626	16.21529222	2
3		16.21529222	16.21904683	17.02204442	17.02523613	17.03342175	2
3		17.03342175	17.03643179	17.93008947	17.93347359	17.94084001	2
3		17.94084001	17.94390678	19.20040894	19.20499635	19.21434712	2
3		19.21434712	19.21874285	20.27596116	20.27941346	20.28729129	2
3		20.28729129	20.29040051	21.34547019	21.34958291	21.35756135	2
3		21.35756135	21.36116862	22.25106549	22.25434589	22.26178336	2
3		22.26178336	22.26485348	22.97596312	22.97895885	22.98700953	2
3		22.98700953	22.98989844	24.66621518	24.66973901	24.67765403	2
3		24.67765403	24.68089533	25.75257850	25.75671673	25.78239918	2
3		25.78239918	25.78651142	27.59467459	27.59877205	27.60789180	2
3		27.60789180	27.61223340	28.58834124	28.59146976	28.61164570	2
3		28.61164570	28.61443543	29.48405647	29.48763204	29.49506879	2
3		29.49506879	29.49825549	30.33212352	30.33624363	30.34428096	2
3		30.34428096	30.34751034	31.14993358	31.15328002	31.16082501	2
3		31.16082501	31.16383553	32.08891463	32.09220171	32.09994197	2
3		32.09994197	32.10311174	33.61000466	33.61360812	33.62132573	2
3		33.62132573	33.62464833	34.69674492	34.70017457	34.70729876	2
3		34.70729876	34.71037626	36.01182461	36.01530004	36.02320123	2
3		36.02320123	36.02640748	37.22613406	37.22991300	37.23829746	2
3		37.23829746	37.24148130	38.29667258	38.29999113	38.30770254	2
3		38.30770254	38.31145716	39.20209765	39.20569134	39.21346188	2
3		39.21346188	39.21659541	40.23075509	40.23422837	40.24198556	2
3		40.24198556	40.24510956	41.01011348	41.01348376	41.02134085	2
3		41.02134085	41.02433228	42.67650747	42.68178773	42.69113421	2
3		42.69113421	42.69603014	43.80008435	43.80388188	43.81253910	2
3		43.81253910	43.81579947	45.06004786	45.06378984	45.07235599	2
0		1.60827112	1.62847495	3.83036685	3.83643675	3.84645724	3
0		3.84645724	3.85017323	4.92463136	4.92848563	4.93673587	3
0		4.93673587	4.94030571	5.94439411	5.94819832	5.95649266	3
0		5.95649266	5.95992279	6.97205448	6.97565532	6.98463011	3
0		6.98463011	6.98800826	8.87256026	8.87664843	8.88615775	3
0		8.88615775	8.89073110	10.25253034	10.25665545	10.26507378	3
0		10.26507378	10.26904607	11.53037810	11.53433967	11.54286242	3
0		11.54286242	11.54704165	12.96583748	12.97019839	12.97894764	3
0		12.97894764	12.98323536	14.58295202	14.58735538	14.59804988	3
0		14.59804988	14.60392523	15.48395896	15.48799706	15.49606776	3
0		15.49606776	15.49931479	17.10062218	17.10599446	17.11569929	3
0		17.11569929	17.12022901	18.16816974	18.17214656	18.18121934	3
0		18.18121934	18.18497539	19.38740301	19.39176512	19.40092993	3
0		19.40092993	19.40562797	20.61648655	20.62065697	20.62942767	3
0		20.62942767	20.63341475	21.80310774	21.80654955	21.82199097	3
0		21.82199097	21.82550430	22.92176700	22.92572212	22.93431592	3
0		22.93431592	22.93768215	23.99378896	23.99757791	24.00622702	3
0		24.00622702	24.00993133	25.12932324	25.13311100	25.14122581	3
0		25.14122581	25.14428520	26.45974827	26.46394444	26.47274017	3
0		26.47274017	26.47624755	27.20419908	27.20728993	27.21491289	3
0		27.21491289	27.21784568	28.16858554	28.17196298	28.17974472	3
0		28.17974472	28.18316889	28.96341324	28.96675587	28.97439027	3
0		28.97439027	28.97740221	30.17367268	30.17734456	30.19879031	3
0		30.19879031	30.20219803	31.14191651	31.14545035	31.15398049	3
0		31.15398049	31.15720224	32.56352568	32.56736016	32.57627726	3
0		32.57627726	32.57983875	33.27363443	33.27716470	33.28473711	3
0		33.28473711	33.28761458	34.86823368	34.87208295	34.88018799	3
0		34.88018799	34.88416505	36.33164263	36.33551836	36.34474635	3
0		36.34474635	36.34819818	37.50681615	37.51053786	37.53389335	3
0		37.53389335	37.53744149	38.73652077	38.74036574	38.74870372	3
0		38.74870372	38.75192261	40.94705653	40.95233107	40.96323657	3
0		40.96323657	40.96913624	42.03238535	42.03598237	42.04414010	3
0		42.04414010	42.04765844	43.74873400	43.75244355	43.76101208	3
0		43.76101208	43.76459146	44.58980227	44.59321475	44.61207819	3
0		44.61207819	44.61513305	45.89833522	45.90215254	45.91069913	3
0		45.91069913	45.91434383	46.82190108	46.82527375	46.83358645	3
0		46.83358645	46.83669305	48.54508781	48.54869938	48.55728149	3
0		48.55728149	48.56066632	49.58355641	49.58775759	49.59678841	3
0		49.59678841	49.60068989	50.94517350	50.94916964	50.95822358	3
0		50.95822358	50.96202207	51.79995489	51.80351114	51.81135154	3
0		51.81135154	51.81428313	52.99993920	53.00355077	53.01115441	3
0		53.01115441	53.01448679	54.38992882	54.39331269	54.39577746	3
0		54.39577746	54.39908004	56.00647449	56.01062465	56.02056003	3
0		56.02056003	56.02540493	57.12751651	57.13137674	57.15858102	3
0		57.15858102	57.16168737	58.00558543	58.00917101	58.01712513	3
0		58.01712513	58.02032804	59.25198913	59.25576639	59.26343513	3
0		59.26343513	59.26637387	60.09181952	60.09496331	60.10271931	3
0		60.10271931	60.10654783	61.45517874	61.45857644	61.46723318	3
0		61.46723318	61.47092223	62.78953862	62.79406786	62.80342984	3
0		62.80342984	62.80824351	63.67989802	63.68336010	63.69055843	3
0		63.69055843	63.69358015	65.21444583	65.21892953	65.22860479	3
0		65.22860479	65.23422337	66.58191037	66.58517957	66.59381914	3
0		66.59381914	66.59718013	67.76100087	67.76468492	67.77294827	3
0		67.77294827	67.77625966	69.55313396	69.55771136	69.56886101	3
0		69.56886101	69.57416654	70.64024019	70.64373612	70.65298462	3
0		70.65298462	70.65622449	71.73726416	71.74102473	71.81022215	3
0		71.81022215	71.81430054	72.82019734	72.82344842	72.83085680	3
0		72.83085680	72.83400106	74.21033502	74.21363425	74.22200108	3
0		74.22200108	74.22536683	74.94238544	74.94559598	74.95355320	3
0		74.95355320	74.95654631	76.47938514	76.48425841	76.49340367	3
0		76.49340367	76.49800777	78.08350658	78.08741379	78.09703517	3
0		78.09703517	78.10112405	79.61700821	79.62015676	79.62792349	3
0		79.62792349	79.63097644	80.59857464	80.60356116	80.61123419	3
0		80.61123419	80.61458397	81.55213523	81.55552053	81.56361723	3
0		81.56361723	81.56678224	82.88983631	82.89349008	82.90239668	3
0		82.90239668	82.90613484	83.98410606	83.98770881	83.99586201	3
0		83.99586201	83.99917912	85.52969837	85.53386712	85.54323888	3
0		85.54323888	85.54764056	87.06156301	87.06584835	87.07557273	3
0		87.07557273	87.07936859	88.33693576	88.34075737	88.35090399	3
0		88.35090399	88.35601687	89.38525367	89.38857079	89.39689374	3
0		89.39689374	89.39982462	90.73737288	90.74122596	90.74975848	3
0		90.74975848	90.75348973	92.36761189	92.37145472	92.37403631	3
0		92.37403631	92.37813187	93.55630994	93.56044364	93.56936550	3
0		93.56936550	93.57306600	94.77758789	94.78114676	94.78999925	3
0		94.78999925	94.79342461	96.29686332	96.30147719	96.31150961	3
0		96.31150961	96.31677508	97.04926872	97.05255890	97.06012654	3
0		97.06012654	97.06314707	98.15896010	98.16263056	98.17119288	3
0		98.17119288	98.17467070	99.77053499	99.77490330	99.78406620	3
0		99.78406620	99.78811073	101.44208050	101.44666529	101.45649624	3
0		101.45649624	101.46157551	103.03715205	103.04102516	103.05017018	3
0		103.05017018	103.05426669	104.58614469	104.59024620	104.60016274	3
0		104.60016274	104.60650539	106.30862427	106.31356287	106.32407355	3
0		106.32407355	106.32979727	107.33692336	107.34069180	107.34931993	3
0		107.34931993	107.35287499	108.76607871	108.76991534	108.77916813	3
0		108.77916813	108.78297281	109.98438764	109.98767424	109.99518347	3
0		109.99518347	109.99834776	111.82258868	111.82639766	111.83437133	3
0		111.83437133	111.83749437	113.08995819	113.09376049	113.10258055	3
0		113.10258055	113.10704017	114.60647631	114.61040568	114.62023783	3
0		114.62023783	114.62443900	116.14939332	116.15294576	116.16090989	3
0		116.16090989	116.16458511	117.53183913	117.53542018	117.57732868	3
0		117.57732868	117.58106828	118.89948726	118.90346074	118.91319060	3
0		118.91319060	118.91755891	119.96595716	119.96938562	119.97750926	3
0		119.97750926	119.98069596	120.78982973	120.79312658	120.80089164	3
0		120.80089164	120.80455208	122.76925159	122.77373028	122.78399038	3
0		122.78399038	122.78951716	123.60530877	123.60899973	123.61651778	3
0		123.61651778	123.61936760	124.59649849	124.60020614	124.60915232	3
0		124.60915232	124.61257935	125.30022407	125.30373311	125.31694627	3
0		125.31694627	125.32046962	126.63772821	126.64176965	126.65133166	3
0		126.65133166	126.65501046	128.15291166	128.15664768	128.16676450	3
0		128.16676450	128.17067385	129.55561447	129.55923796	129.56736898	3
0		129.56736898	129.57033944	130.80303812	130.80702281	130.81546521	3
0		130.81546521	130.81906176	131.72650456	131.72983837	131.73762131	3
0		131.73762131	131.74072957	133.48701000	133.49121523	133.50010729	3
0		133.50010729	133.50493860	134.58565974	134.58918953	134.59734511	3
0		134.59734511	134.60088086	135.27047062	135.27382898	135.28157282	3
0		135.28157282	135.28441024	136.19011188	136.19332290	136.20115590	3
0		136.20115590	136.20434761	138.02954006	138.03380084	138.04337978	3
0		138.04337978	138.04831743	139.63286781	139.63709879	139.64718056	3
0		139.64718056	139.65233231	141.14066935	141.14571834	141.15526080	3
0		141.15526080	141.15973449	143.07373834	143.07825065	143.08873892	3
0		143.08873892	143.09378290	143.87773919	143.88115692	143.88883996	3
0		143.88883996	143.89182401	144.98984432	144.99313545	145.00081015	3
0		145.00081015	145.00422263	146.48222184	146.48576593	146.49447441	3
0		146.49447441	146.49806976	147.57089853	147.57446980	147.58269286	3
0		147.58269286	147.58622360	148.71789551	148.72099495	148.72942257	3
0		148.72942257	148.73239517	150.20900083	150.21327615	150.22230101	3
0		150.22230101	150.22599792	150.99722505	151.00022388	151.00819111	3
0		151.00819111	151.01089263	151.91460323	151.91802168	151.92641807	3
0		151.92641807	151.92955017	153.03798246	153.04153633	153.04987216	3
0		153.04987216	153.05314207	154.16854739	154.17205358	154.18850636	3
0		154.18850636	154.19178486	155.07370687	155.07694769	155.08441782	3
0		155.08441782	155.08721662	156.50954032	156.51259685	156.52027893	3
0		156.52027893	156.52311563	157.41261625	157.41590881	157.42328167	3
0		157.42328167	157.42638087	158.96445346	158.96866798	158.97775078	3
0		158.97775078	158.98295736	160.66627955	160.67027402	160.67291474	3
0		160.67291474	160.67740703	162.25116467	162.25528693	162.26429462	3
0		162.26429462	162.26945472	163.89745903	163.90189099	163.91190076	3
0		163.91190076	163.91675377	165.36802125	165.37199855	165.38131046	3
0		165.38131046	165.38600326	166.04194140	166.04572248	166.05337906	3
0		166.05337906	166.05640316	167.18849277	167.19236827	167.20050120	3
0		167.20050120	167.20437360	167.93875289	167.94222116	167.94976568	3
0		167.94976568	167.95261931	169.21987486	169.22300696	169.23040485	3
0		169.23040485	169.23368573	170.30853248	170.31257248	170.32138991	3
0		170.32138991	170.32518268	171.17925954	171.18297458	171.20380187	3
0		171.20380187	171.20679855	173.11205220	173.11601424	173.12559676	3
0		173.12559676	173.13043141	174.88588905	174.89014173	174.89935589	3
0		174.89935589	174.90485644	175.97696233	175.98057842	175.98839402	3
0		175.98839402	175.99190116	177.70113707	177.70602560	177.71613240	3
0		177.71613240	177.72113943	179.19179797	179.19621944	179.21922350	3
0		179.21922350	179.22462487	180.38622785	180.38990426	180.40791249	3
0		180.40791249	180.41127014	181.47163892	181.47551370	181.48407793	3
0		181.48407793	181.48742557	182.42027783	182.49760962	182.50544977	3
0		182.50544977	182.50889897	183.36190295	183.36567163	183.38535166	3
0		183.38535166	183.38862658	184.59189463	184.59572482	184.60489917	3
0		184.60489917	184.60830069	185.94664526	185.95038056	185.95879173	3
0		185.95879173	185.96232319	186.83496809	186.83821559	186.84620452	3
0		186.84620452	186.84923339	188.10595369	188.10986757	188.11799741	3
0		188.11799741	188.12145972	189.19499636	189.19865608	189.20757246	3
0		189.20757246	189.21111584	190.54332161	190.54685211	190.55529833	3
0		190.55529833	190.55876970	192.40419078	192.40827560	192.41812444	3
0		192.41812444	192.42190123	193.53205657	193.53529501	193.54373932	3
0		193.54373932	193.54706168	194.57113481	194.57461715	194.58242083	3
0		194.58242083	194.58557796	197.19588065	197.20126224	197.21219254	3
0		197.21219254	197.21784163	198.43777680	198.44136643	198.44959998	3
0		198.44959998	198.45290589	199.65237617	199.65544128	199.66289425	3
0		199.66289425	199.66616917	200.68715501	200.69095683	200.69930482	3
0		200.69930482	200.70257521	201.77181149	201.77501392	201.78243899	3
0		201.78243899	201.78538775	202.97381997	202.97767711	202.98704410	3
0		202.98704410	202.99088025	204.25910115	204.26302743	204.27252769	3
0		204.27252769	204.27649331	205.41296458	205.41602111	205.42352390	3
0		205.42352390	205.42627740	206.91427922	206.91805029	206.92582798	3
0		206.92582798	206.92894936	207.59321308	207.59753180	207.60591316	3
0		207.60591316	207.60947871	208.76181173	208.76578736	208.77389073	3
0		208.77389073	208.77738261	210.00853610	210.01234674	210.02121592	3
0		210.02121592	210.02484822	211.80152297	211.80552149	211.81485963	3
0		211.81485963	211.81880450	213.20471692	213.20803094	213.21671581	3
0		213.21671581	213.21998620	214.26647115	214.27010393	214.29007936	3
0		214.29007936	214.29348779	215.30734038	215.31070733	215.31854010	3
0		215.31854010	215.32175207	217.58291554	217.58754277	217.59900761	3
0		217.59900761	217.60625410	218.66764665	218.67190504	218.68112874	3
0		218.68112874	218.68521690	220.36486197	220.36923623	220.37816072	3
0		220.37816072	220.38290286	221.50709844	221.51048374	221.51864290	3
0		221.51864290	221.52171159	222.54955173	222.55300283	222.56086707	3
0		222.56086707	222.56392241	223.45816326	223.46171117	223.46910763	3
0		223.46910763	223.47225976	224.78432059	224.78790402	224.79654384	3
0		224.79654384	224.79996920	225.86168933	225.86522985	225.87296939	3
0		225.87296939	225.87598991	227.06583881	227.06977582	227.07915568	3
0		227.07915568	227.08314037	228.35020709	228.35407543	228.36251736	3
0		228.36251736	228.36591744	230.40384007	230.40961003	230.41936135	3
0		230.41936135	230.42470074	232.44423366	232.44884825	232.45159030	3
0		232.45159030	232.45682430	233.76251841	233.76645827	233.77529001	3
0		233.77529001	233.77963567	235.33670759	235.34046102	235.35102916	3
0		235.35102916	235.35497117	236.86831999	236.87159109	236.87921166	3
0		236.87921166	236.88222337	237.64732218	237.65034723	237.65798616	3
0		237.65798616	237.66080642	238.52924943	238.53305912	238.54113030	3
0		238.54113030	238.54453850	239.58574653	239.58918166	239.59747815	3
0		239.59747815	239.60066056	240.66540551	240.66917586	240.67802858	3
0		240.67802858	240.68140745	242.36940765	242.37381744	242.38418269	3
0		242.38418269	242.38944674	243.56518841	243.56877756	243.57761240	3
0		243.57761240	243.58119535	245.06181073	245.06623864	245.07680964	3
0		245.07680964	245.08138037	245.99688601	246.00028110	246.00858545	3
0		246.00858545	246.01162481	247.27999568	247.28378916	247.30007434	3
0		247.30007434	247.30418587	248.99424171	248.99896789	249.00883627	3
0		249.00883627	249.01380944	250.04995465	250.05315590	250.06043506	3
0		250.06043506	250.06344771	250.96393728	250.96707273	250.97475648	3
0		250.97475648	250.97774291	252.83110046	252.83584499	252.84617400	3
