# Cycle: 44, status: ACC, move: None
#     Time      Potential        Kinetic
         0       9.687432      14.034423            nan            nan
         1       8.245779      15.551369            nan            nan
         2       6.183833      17.545105            nan            nan
         3       4.403219      19.328953            nan            nan
         4       5.647581      18.024416            nan            nan
         5      -0.878419      24.309463            nan            nan
         6      -3.857849      27.062808            nan            nan
         7      -8.496634      31.574457            nan            nan
         8      -6.418304      29.262249            nan            nan
         9      -8.370781      30.873842            nan            nan
        10      -5.272676      27.659016            nan            nan
        11      -6.742655      28.995298            nan            nan
        12     -11.819320      33.881299            nan            nan
        13     -15.177445      37.336315            nan            nan
        14     -16.748473      38.976333            nan            nan
        15     -14.775080      37.001221            nan            nan
        16     -10.122983      32.473366            nan            nan
        17      -2.170949      24.761505            nan            nan
