# Cycle: 35, status: ACC, move: None
#     Time      Potential        Kinetic
         0     -14.728118      24.295966            nan            nan
         1     -12.010056      21.618171            nan            nan
         2     -12.453740      22.048307            nan            nan
         3     -10.870494      20.554383            nan            nan
         4      -9.019785      18.787255            nan            nan
         5     -10.823816      20.564152            nan            nan
         6     -10.164826      19.907404            nan            nan
         7     -10.549721      20.300583            nan            nan
         8     -13.037262      22.699877            nan            nan
         9     -16.273483      25.861835            nan            nan
        10     -14.777060      24.400247            nan            nan
        11     -13.264182      22.871648            nan            nan
        12     -11.306621      20.781874            nan            nan
        13     -13.165686      22.593897            nan            nan
        14     -14.632679      24.020526            nan            nan
        15     -19.839514      29.133364            nan            nan
        16     -17.988477      27.284487            nan            nan
        17     -18.992406      28.356277            nan            nan
        18     -18.561718      27.874268            nan            nan
        19     -23.655188      32.879626            nan            nan
        20     -20.883513      30.139121            nan            nan
        21     -19.579252      28.830001            nan            nan
        22     -17.914107      27.096561            nan            nan
        23     -17.112234      26.282720            nan            nan
        24     -14.510424      23.736295            nan            nan
        25     -17.456089      26.632550            nan            nan
        26     -18.973617      28.124573            nan            nan
        27     -18.882393      28.114333            nan            nan
