# Preparing propagation with AMS engine
# Trajectory label: 008_57437_2_trajF
# Initial file: /home/konrad/opt/infretis_new/infretis/examples/ams/water_dimer_many_workers/worker9/008_57437_2_conf.rkf
# Initial config: /home/konrad/opt/infretis_new/infretis/examples/ams/water_dimer_many_workers/worker9/008_57437_2_conf.rkf
# Initial order parameter: 0.45264972220849387
0 0.45264972220849387
1 0.387830057209685
2 0.387980737720318
3 0.3881600691776524
4 0.38767342771451424
5 0.3874950222029056
6 0.38514984547533443
7 0.3828182446047869
8 0.37930836394633133
9 0.37650394446564595
10 0.37269859342352807
11 0.3700604299549443
12 0.3673195968775073
13 0.36537018181243175
14 0.3633131137992844
15 0.3619792601649972
16 0.36046055252549164
17 0.35875247912384217
18 0.35706567097464625
19 0.3554273473630833
20 0.3538654420372231
21 0.3517977620674017
22 0.35075664983029364
23 0.34831645597449246
24 0.3455386034674137
25 0.3434403091082102
26 0.33928557216283745
27 0.33532615395042814
28 0.3313931783033462
# Propagation done.
