# Preparing propagation with AMS engine
# Trajectory label: 033_57449_6_trajB
# Initial file: /home/konrad/opt/infretis_new/infretis/examples/ams/water_dimer_many_workers/worker21/033_57449_6_conf.rkf
# Initial config: /home/konrad/opt/infretis_new/infretis/examples/ams/water_dimer_many_workers/worker21/033_57449_6_conf.rkf
# Initial order parameter: 0.45761940738996115
0 0.45761940738996115
1 0.45447911336279734
2 0.4513735610869373
3 0.44769536411278305
4 0.4448468298765826
5 0.4409441946444305
6 0.43746808602519405
7 0.43356962167807417
8 0.42974038296613665
9 0.4250000320993909
10 0.42120634288956676
11 0.41611918415276455
12 0.4115156754285726
13 0.40673733070889095
14 0.401762307249181
15 0.3965367390624637
16 0.3915740156323786
17 0.3862450694595826
18 0.3805689330610947
19 0.37553314485385153
20 0.36982501055964007
21 0.36441796891923234
22 0.3593152185407067
23 0.3538380723891618
24 0.3484809766754377
25 0.34325059072389524
26 0.41456592943939025
27 0.3309136539443165
28 0.3240041154588456
29 0.31623767400585406
30 0.30864555520276354
31 0.30008132458774783
32 0.2914492757425287
# Propagation done.
