# Cycle: 81, status: ACC, move: None
#     Time      Potential        Kinetic
         0       1.162213      21.344010            nan            nan
         1       6.066399      16.526070            nan            nan
         2       1.932839      20.409731            nan            nan
         3      -2.945139      24.978050            nan            nan
         4      -0.698297      22.854383            nan            nan
         5      -1.160540      23.279510            nan            nan
         6      -9.782026      31.562309            nan            nan
         7      -7.664183      29.610262            nan            nan
         8      -2.243260      24.532756            nan            nan
         9      -5.520174      27.552052            nan            nan
        10     -10.225087      31.920851            nan            nan
        11      -5.372318      27.196811            nan            nan
        12      -3.790881      25.631172            nan            nan
        13      -7.501144      29.227008            nan            nan
        14      -1.958084      24.006802            nan            nan
        15       1.141028      21.137384            nan            nan
        16      -4.141231      26.175110            nan            nan
        17      -6.626666      28.662085            nan            nan
        18       1.772656      20.640251            nan            nan
        19      -2.378246      24.804387            nan            nan
        20      -3.426078      25.765176            nan            nan
        21      -1.314316      23.973334            nan            nan
        22       4.017780      18.835385            nan            nan
        23      -3.710633      26.381008            nan            nan
        24       1.032719      21.773841            nan            nan
        25       3.147085      19.938234            nan            nan
        26       1.741858      21.142172            nan            nan
        27      -4.514753      27.212254            nan            nan
        28       2.855293      20.128130            nan            nan
        29       3.274341      19.761434            nan            nan
        30      -2.069583      24.808652            nan            nan
        31      -2.419770      25.157409            nan            nan
        32      -0.468586      23.228414            nan            nan
        33      -8.903354      31.284338            nan            nan
        34     -10.803666      33.060411            nan            nan
        35      -3.086880      25.660517            nan            nan
