# Cycle: 84, status: ACC, move: ('wf', 9000, 2, 67)
#     Time      Potential        Kinetic
         0      -9.069640      35.629565            nan            nan
         1     -13.260685      39.720814            nan            nan
         2      -8.018591      34.774525            nan            nan
         3     -13.510367      40.162094            nan            nan
         4     -15.489944      41.978534            nan            nan
         5      -7.716319      34.458742            nan            nan
         6      -3.922809      30.847050            nan            nan
         7      -8.174767      34.884250            nan            nan
         8      -8.622663      35.363142            nan            nan
         9      -0.590903      27.689960            nan            nan
        10      -5.641908      32.677482            nan            nan
        11      -8.304224      35.162167            nan            nan
        12      -0.922129      28.052640            nan            nan
        13       1.282794      26.051490            nan            nan
        14      -0.938877      28.071629            nan            nan
        15       0.265856      26.889955            nan            nan
        16       6.032821      21.396834            nan            nan
        17       3.706395      23.556097            nan            nan
        18       1.180396      25.858253            nan            nan
        19       7.354857      19.930217            nan            nan
        20       9.804291      17.562284            nan            nan
        21       4.690636      22.365270            nan            nan
        22       5.611881      21.427373            nan            nan
        23       7.771421      19.384384            nan            nan
        24       3.465217      23.402721            nan            nan
        25       0.402104      26.322566            nan            nan
        26       7.017310      19.978057            nan            nan
        27       5.446618      21.454956            nan            nan
        28       0.418859      26.177394            nan            nan
        29       3.536429      23.172130            nan            nan
        30       4.889368      21.869740            nan            nan
        31      -0.816282      27.304432            nan            nan
        32       0.598812      25.982890            nan            nan
        33       7.022618      19.847526            nan            nan
        34       2.309582      24.374659            nan            nan
        35       0.113284      26.410826            nan            nan
        36       6.328268      20.476709            nan            nan
        37       6.343878      20.506430            nan            nan
        38       1.943722      24.696058            nan            nan
        39       6.526918      20.328482            nan            nan
        40       8.840156      18.275791            nan            nan
        41       6.452997      20.464664            nan            nan
        42       3.137732      23.716203            nan            nan
        43       8.345919      18.835349            nan            nan
        44       8.837872      18.354229            nan            nan
        45       2.981331      23.968467            nan            nan
        46       3.858883      23.250435            nan            nan
        47      11.627752      15.696847            nan            nan
        48       3.909999      23.180817            nan            nan
        49       4.122486      22.889974            nan            nan
        50      10.917693      16.369256            nan            nan
        51       8.946096      18.272397            nan            nan
        52       4.164984      22.745234            nan            nan
        53       7.889675      19.141892            nan            nan
        54      10.934392      16.262159            nan            nan
        55       6.617435      20.317454            nan            nan
        56       5.603673      21.244893            nan            nan
        57      10.495424      16.579298            nan            nan
        58       7.909397      19.007018            nan            nan
        59       2.785827      23.870964            nan            nan
        60       7.985897      18.897862            nan            nan
        61       9.323306      17.653100            nan            nan
        62       3.914052      22.767280            nan            nan
        63       4.253288      22.449076            nan            nan
        64       8.470721      18.439966            nan            nan
        65       3.278920      23.419553            nan            nan
        66       1.053141      25.540125            nan            nan
