# Cycle: 33, status: ACC, move: ('sh', 0.2592881681518069, 9, 13)
#     Time      Potential        Kinetic
         0      -6.386726      15.364759            nan            nan
         1      -3.476825      12.633689            nan            nan
         2      -5.345358      14.461385            nan            nan
         3     -10.506732      19.420078            nan            nan
         4     -12.077761      20.978977            nan            nan
         5      -9.209404      18.105048            nan            nan
         6     -12.778665      21.376194            nan            nan
         7     -14.590629      23.001096            nan            nan
         8     -13.039688      21.470544            nan            nan
         9     -11.284977      19.633638            nan            nan
        10     -12.178679      20.327346            nan            nan
        11     -10.362903      18.652997            nan            nan
        12     -10.296772      18.798682            nan            nan
        13     -13.977400      22.449076            nan            nan
        14     -12.927108      21.480253            nan            nan
        15      -9.157482      17.988763            nan            nan
        16     -10.324343      19.167997            nan            nan
        17     -14.348255      23.041162            nan            nan
        18      -9.422672      18.217501            nan            nan
        19      -7.871622      16.669113            nan            nan
        20     -10.437298      18.944526            nan            nan
