# Cycle: 33, status: ACC, move: ('sh', 0.2592881681518069, 9, 13)
#     Time       Orderp
         0     0.301611
         1     0.297479
         2     0.291421
         3     0.286244
         4     0.280013
         5     0.274231
         6     0.267507
         7     0.262882
         8     0.257464
         9     0.254696
        10     0.252703
        11     0.252802
        12     0.255281
        13     0.259288
        14     0.264261
        15     0.270633
        16     0.277317
        17     0.283692
        18     0.290481
        19     0.295716
        20     0.301243
