# Cycle: 70, status: ACC, move: ('wf', 9000, 2, 131)
#     Time      Potential        Kinetic
         0     -14.097035      39.743148            nan            nan
         1     -11.059745      36.652539            nan            nan
         2      -9.295697      34.807974            nan            nan
         3       2.238828      23.528271            nan            nan
         4       5.602535      20.234057            nan            nan
         5       4.060622      21.652716            nan            nan
         6       5.999550      19.868524            nan            nan
         7       7.657067      18.379379            nan            nan
         8       0.005230      25.781322            nan            nan
         9      -4.541510      30.166121            nan            nan
        10       2.150465      23.738033            nan            nan
        11       4.099677      21.828782            nan            nan
        12       4.158868      21.586719            nan            nan
        13       9.305010      16.529909            nan            nan
        14      12.894999      13.027175            nan            nan
        15       8.276999      17.390663            nan            nan
        16       6.295939      19.282071            nan            nan
        17       8.984111      16.776965            nan            nan
        18       4.337055      21.283305            nan            nan
        19      -1.991525      27.358932            nan            nan
        20      -0.120461      25.651960            nan            nan
        21       2.744816      22.948669            nan            nan
        22      -0.358258      25.839048            nan            nan
        23      -0.678777      26.036779            nan            nan
        24       2.473518      22.963960            nan            nan
        25       0.310277      24.948019            nan            nan
        26      -2.834440      27.937755            nan            nan
        27       2.045063      23.320949            nan            nan
        28       2.493391      22.952129            nan            nan
        29      -3.339059      28.508573            nan            nan
        30      -3.383986      28.523386            nan            nan
        31      -1.971145      27.281339            nan            nan
        32      -3.719880      28.910472            nan            nan
        33      -5.303453      30.457961            nan            nan
        34       0.395183      25.092777            nan            nan
        35       2.467781      23.097879            nan            nan
        36      -1.824249      27.161186            nan            nan
        37       0.296626      25.161024            nan            nan
        38       5.794843      19.933520            nan            nan
        39       3.516705      22.140701            nan            nan
        40       3.247279      22.449076            nan            nan
        41       8.335987      17.675085            nan            nan
        42       7.371871      18.594044            nan            nan
        43       1.507103      24.195973            nan            nan
        44       5.953761      19.940327            nan            nan
        45      10.655147      15.455852            nan            nan
        46       7.430886      18.471424            nan            nan
        47       7.320028      18.528286            nan            nan
        48      11.979916      14.061053            nan            nan
        49       9.584613      16.270403            nan            nan
        50       4.204261      21.358137            nan            nan
        51       8.026697      17.686098            nan            nan
        52       8.930070      16.818928            nan            nan
        53       2.113811      23.280137            nan            nan
        54       1.331438      24.025599            nan            nan
        55       5.500831      20.079913            nan            nan
        56       2.208876      23.174955            nan            nan
        57      -2.399153      27.528963            nan            nan
        58       1.132777      24.178121            nan            nan
        59       2.952450      22.387796            nan            nan
        60      -3.456725      28.538101            nan            nan
        61      -1.574256      26.788469            nan            nan
        62       3.921871      21.584865            nan            nan
        63      -1.363319      26.688251            nan            nan
        64      -5.024122      30.210932            nan            nan
        65       1.171241      24.303241            nan            nan
        66       1.019273      24.514171            nan            nan
        67      -1.991224      27.340475            nan            nan
        68       3.427212      22.151950            nan            nan
        69       8.726855      17.123943            nan            nan
        70       5.586194      20.027139            nan            nan
        71       3.875883      21.629658            nan            nan
        72      10.670005      15.140793            nan            nan
        73      10.550710      15.270478            nan            nan
        74       6.514981      19.116649            nan            nan
        75       9.952612      15.902269            nan            nan
        76      11.711000      14.263172            nan            nan
        77       4.058905      21.592837            nan            nan
        78       3.494926      22.139260            nan            nan
        79       7.745339      18.211360            nan            nan
        80       7.068799      18.785100            nan            nan
        81       1.488683      24.101944            nan            nan
        82       6.039241      19.735377            nan            nan
        83       9.716527      16.117997            nan            nan
        84       3.570175      21.926856            nan            nan
        85       4.827230      20.673280            nan            nan
        86      11.856051      13.915360            nan            nan
        87       7.997542      17.550508            nan            nan
        88       3.436951      21.835666            nan            nan
        89       8.155410      17.295037            nan            nan
        90       7.676868      17.756209            nan            nan
        91       1.232250      23.919559            nan            nan
        92       3.662767      21.677471            nan            nan
        93       7.700502      17.899869            nan            nan
        94       0.546989      24.739687            nan            nan
        95      -3.406996      28.507481            nan            nan
        96       0.657320      24.667148            nan            nan
        97      -0.701641      25.992728            nan            nan
        98      -4.533952      29.745564            nan            nan
        99       2.127327      23.452794            nan            nan
       100       3.067875      22.600345            nan            nan
       101      -3.457792      28.754145            nan            nan
       102      -2.706187      28.046072            nan            nan
       103       4.541869      21.112501            nan            nan
       104       0.843276      24.722019            nan            nan
       105       0.267910      25.294276            nan            nan
       106       5.431235      20.463776            nan            nan
       107       3.328312      22.480250            nan            nan
       108      -4.099260      29.602931            nan            nan
       109       0.816034      24.921605            nan            nan
       110       4.252508      21.735999            nan            nan
       111      -0.585433      26.361109            nan            nan
       112      -1.146012      26.924262            nan            nan
       113       3.449382      22.534308            nan            nan
       114      -1.924388      27.643812            nan            nan
       115      -5.459337      30.958208            nan            nan
       116       2.094362      23.709449            nan            nan
       117       2.900181      22.942656            nan            nan
       118      -2.919461      28.397917            nan            nan
       119      -1.755795      27.275393            nan            nan
       120       1.077079      24.587762            nan            nan
       121      -5.535077      30.915478            nan            nan
       122      -7.378896      32.691551            nan            nan
       123      -3.193189      28.790624            nan            nan
       124      -5.515230      30.962153            nan            nan
       125     -11.101342      36.263482            nan            nan
       126      -4.695407      30.101456            nan            nan
       127      -1.470117      27.003235            nan            nan
       128      -7.901003      33.186330            nan            nan
       129      -8.124667      33.554243            nan            nan
       130      -2.545785      28.339491            nan            nan
