# Cycle: 70, status: ACC, move: ('wf', 9000, 2, 131)
#     Time       Orderp
         0     0.299817
         1     0.304136
         2     0.305879
         3     0.307537
         4     0.310440
         5     0.312620
         6     0.316279
         7     0.320644
         8     0.324820
         9     0.329464
        10     0.335001
        11     0.337754
        12     0.342323
        13     0.344982
        14     0.347816
        15     0.350222
        16     0.353760
        17     0.354783
        18     0.358877
        19     0.359979
        20     0.362333
        21     0.364720
        22     0.366649
        23     0.368425
        24     0.372327
        25     0.373815
        26     0.377552
        27     0.380991
        28     0.383340
        29     0.387030
        30     0.390225
        31     0.391643
        32     0.394923
        33     0.396160
        34     0.397118
        35     0.399022
        36     0.399841
        37     0.400764
        38     0.402699
        39     0.403402
        40     0.405395
        41     0.406491
        42     0.408734
        43     0.409744
        44     0.412033
        45     0.413065
        46     0.415032
        47     0.415574
        48     0.417686
        49     0.417796
        50     0.419589
        51     0.419896
        52     0.421071
        53     0.421219
        54     0.421934
        55     0.421870
        56     0.422054
        57     0.421826
        58     0.422166
        59     0.421425
        60     0.421832
        61     0.421707
        62     0.420987
        63     0.421573
        64     0.421156
        65     0.420037
        66     0.420717
        67     0.419186
        68     0.418319
        69     0.418494
        70     0.417128
        71     0.416823
        72     0.417493
        73     0.416312
        74     0.417379
        75     0.417605
        76     0.417414
        77     0.418146
        78     0.418717
        79     0.417115
        80     0.418104
        81     0.416053
        82     0.414415
        83     0.413231
        84     0.411022
        85     0.408908
        86     0.407898
        87     0.405742
        88     0.404812
        89     0.403577
        90     0.402860
        91     0.402197
        92     0.401979
        93     0.401878
        94     0.402095
        95     0.402041
        96     0.402786
        97     0.402688
        98     0.402831
        99     0.403519
       100     0.402214
       101     0.402527
       102     0.401230
       103     0.399435
       104     0.398039
       105     0.396233
       106     0.392613
       107     0.391747
       108     0.387973
       109     0.385199
       110     0.383224
       111     0.379441
       112     0.376331
       113     0.373677
       114     0.369181
       115     0.365506
       116     0.362070
       117     0.357111
       118     0.353948
       119     0.349645
       120     0.346031
       121     0.342195
       122     0.338826
       123     0.334963
       124     0.331534
       125     0.327313
       126     0.323365
       127     0.317904
       128     0.312576
       129     0.306692
       130     0.299271
