# Cycle: 37, status: ACC, move: ('sh', 0.32489246475842054, 15, 15)
#     Time      Potential        Kinetic
         0      -8.822744      27.562284            nan            nan
         1      -8.852657      27.417462            nan            nan
         2      -9.019518      27.516742            nan            nan
         3      -8.917164      27.275072            nan            nan
         4     -13.211256      31.300349            nan            nan
         5     -13.486960      31.457279            nan            nan
         6     -12.716294      30.708963            nan            nan
         7     -13.013205      30.920254            nan            nan
         8     -13.799594      31.658317            nan            nan
         9     -11.416995      29.431412            nan            nan
        10      -8.233596      26.418534            nan            nan
        11      -9.824705      28.096998            nan            nan
        12      -6.120758      24.643275            nan            nan
        13      -4.389613      23.178890            nan            nan
        14      -3.038560      21.942536            nan            nan
        15      -3.395825      22.449076            nan            nan
        16       2.905183      16.412063            nan            nan
        17       3.000575      16.445374            nan            nan
        18       3.712515      15.722588            nan            nan
        19       3.192064      16.302035            nan            nan
        20       4.506594      14.963840            nan            nan
        21      -0.600513      19.840017            nan            nan
        22      -0.864576      19.951985            nan            nan
        23      -0.081154      19.117999            nan            nan
        24      -1.344970      20.160584            nan            nan
        25      -5.486103      23.992917            nan            nan
        26      -6.252178      24.592355            nan            nan
        27      -8.780149      26.949031            nan            nan
