# Cycle: 91, status: ACC, move: ('wf', 9000, 1, 159)
#     Time      Potential        Kinetic
         0     -12.803991      32.864976            nan            nan
         1     -11.379759      31.327996            nan            nan
         2     -10.826529      30.687995            nan            nan
         3      -9.038864      28.915232            nan            nan
         4     -10.943832      30.738363            nan            nan
         5     -14.118500      33.779817            nan            nan
         6     -13.814252      33.485975            nan            nan
         7     -10.827141      30.533451            nan            nan
         8     -11.796356      31.396494            nan            nan
         9     -10.508494      30.047158            nan            nan
        10      -8.229936      27.839213            nan            nan
        11      -8.506684      28.095833            nan            nan
        12     -10.714943      30.244377            nan            nan
        13      -9.555670      29.202370            nan            nan
        14      -9.163809      28.913538            nan            nan
        15      -9.425306      29.159144            nan            nan
        16      -8.734588      28.538399            nan            nan
        17      -3.436867      23.401075            nan            nan
        18      -2.455604      22.449076            nan            nan
        19      -1.080686      21.085903            nan            nan
        20       2.044638      18.113905            nan            nan
        21       3.555788      16.669849            nan            nan
        22       1.900099      18.257132            nan            nan
        23       2.612687      17.581764            nan            nan
        24       3.354098      16.896315            nan            nan
        25       2.012778      18.126964            nan            nan
        26       0.752671      19.298332            nan            nan
        27       2.736014      17.344656            nan            nan
        28       2.204207      17.779638            nan            nan
        29       0.311433      19.501369            nan            nan
        30       0.951494      18.828950            nan            nan
        31       0.984300      18.767083            nan            nan
        32      -1.423226      21.013240            nan            nan
        33      -2.884594      22.424921            nan            nan
        34      -1.881313      21.476572            nan            nan
        35      -4.370561      23.907505            nan            nan
        36      -6.164326      25.636941            nan            nan
        37      -5.272553      24.845838            nan            nan
        38      -4.627496      24.256834            nan            nan
        39      -5.464026      25.065895            nan            nan
        40      -3.229405      22.933137            nan            nan
        41      -0.049807      19.896276            nan            nan
        42       0.039816      19.806946            nan            nan
        43       1.165959      18.705711            nan            nan
        44       3.777501      16.238276            nan            nan
        45       4.781187      15.272860            nan            nan
        46       3.543475      16.480509            nan            nan
        47       5.533337      14.573761            nan            nan
        48       5.935530      14.223094            nan            nan
        49       4.439958      15.614738            nan            nan
        50       3.307447      16.703607            nan            nan
        51       4.800972      15.249628            nan            nan
        52       3.339662      16.630519            nan            nan
        53       1.781688      18.077171            nan            nan
        54       2.322324      17.556757            nan            nan
        55       2.467502      17.379318            nan            nan
        56      -0.573805      20.284671            nan            nan
        57      -0.726435      20.423817            nan            nan
        58       0.278031      19.488395            nan            nan
        59      -1.355238      21.071212            nan            nan
        60      -2.382336      22.072830            nan            nan
        61      -1.049602      20.843003            nan            nan
        62      -0.964282      20.776270            nan            nan
        63      -2.547364      22.308881            nan            nan
        64      -0.537181      20.399452            nan            nan
        65       1.570665      18.405382            nan            nan
        66       1.471492      18.461506            nan            nan
        67       1.414723      18.523870            nan            nan
        68       4.312011      15.718833            nan            nan
        69       3.510037      16.480571            nan            nan
        70       2.419465      17.486630            nan            nan
        71       3.172558      16.787856            nan            nan
        72       3.942734      16.018535            nan            nan
        73       0.530134      19.296728            nan            nan
        74       0.508042      19.286054            nan            nan
        75       0.739955      19.083618            nan            nan
        76      -1.101064      20.819335            nan            nan
        77      -2.876951      22.510993            nan            nan
        78      -1.474454      21.171166            nan            nan
        79      -1.543408      21.235810            nan            nan
        80      -3.023359      22.628461            nan            nan
        81      -1.788963      21.455104            nan            nan
        82       0.000520      19.761365            nan            nan
        83      -0.498758      20.226571            nan            nan
        84      -0.687282      20.445079            nan            nan
        85       2.280122      17.630906            nan            nan
        86       2.428176      17.528366            nan            nan
        87       1.977990      17.969769            nan            nan
        88       3.329653      16.743100            nan            nan
        89       5.583421      14.574312            nan            nan
        90       3.093479      17.003200            nan            nan
        91       4.204090      15.910161            nan            nan
        92       5.666376      14.537860            nan            nan
        93       5.253630      14.891111            nan            nan
        94       3.380443      16.673561            nan            nan
        95       5.358283      14.718844            nan            nan
        96       3.975033      16.039812            nan            nan
        97       2.032459      17.812918            nan            nan
        98       1.225847      18.584472            nan            nan
        99       2.620263      17.209362            nan            nan
       100      -0.007352      19.707367            nan            nan
       101      -1.035121      20.636281            nan            nan
       102      -0.464362      20.091009            nan            nan
       103      -0.856844      20.424770            nan            nan
       104      -3.180167      22.659525            nan            nan
       105      -1.301052      20.874689            nan            nan
       106       0.146440      19.523497            nan            nan
       107      -1.496840      21.105816            nan            nan
       108      -1.539011      21.161398            nan            nan
       109       0.785283      18.963367            nan            nan
       110       0.389100      19.371835            nan            nan
       111      -0.242570      20.015020            nan            nan
       112       2.837278      17.100323            nan            nan
       113       3.334847      16.676952            nan            nan
       114       1.973185      17.952436            nan            nan
       115       2.252106      17.707465            nan            nan
       116       4.684704      15.377369            nan            nan
       117       3.355450      16.657860            nan            nan
       118       3.031541      16.955982            nan            nan
       119       4.708845      15.378002            nan            nan
       120       4.423405      15.626951            nan            nan
       121       1.614471      18.301682            nan            nan
       122       3.085252      16.870762            nan            nan
       123       4.463546      15.550145            nan            nan
       124       3.077916      16.835189            nan            nan
       125       2.934984      16.950851            nan            nan
       126       5.370373      14.600368            nan            nan
       127       4.479221      15.431546            nan            nan
       128       3.134505      16.682858            nan            nan
       129       5.326763      14.580770            nan            nan
       130       6.294224      13.656759            nan            nan
       131       4.482595      15.360080            nan            nan
       132       4.660297      15.193630            nan            nan
       133       6.361028      13.574657            nan            nan
       134       4.574302      15.278046            nan            nan
       135       3.008302      16.769157            nan            nan
       136       4.145493      15.717907            nan            nan
       137       3.999476      15.847185            nan            nan
       138       0.597753      19.120600            nan            nan
       139       1.093511      18.646951            nan            nan
       140       1.685308      18.109202            nan            nan
       141      -0.447827      20.131164            nan            nan
       142      -1.705859      21.337093            nan            nan
       143       0.481501      19.241123            nan            nan
       144       0.217995      19.480535            nan            nan
       145      -1.232529      20.835446            nan            nan
       146       0.716002      18.968553            nan            nan
       147       2.718025      17.048603            nan            nan
       148       1.455366      18.239110            nan            nan
       149       1.864204      17.853715            nan            nan
       150       4.891725      14.972847            nan            nan
       151       4.585771      15.287636            nan            nan
       152       4.141389      15.716188            nan            nan
       153       6.223672      13.783044            nan            nan
       154       7.737652      12.345985            nan            nan
       155       5.212229      14.796940            nan            nan
       156       6.391185      13.673085            nan            nan
       157       7.936097      12.250649            nan            nan
       158       7.296989      12.843073            nan            nan
