# Cycle: 18, status: ACC, move: ('wf', 9000, 2, 89)
#     Time      Potential        Kinetic
         0      -8.390484      38.061175            nan            nan
         1      -5.811355      35.652127            nan            nan
         2       2.169581      27.924788            nan            nan
         3      -7.674165      37.352535            nan            nan
         4      -7.981887      37.467726            nan            nan
         5       2.354950      27.439368            nan            nan
         6       0.492836      29.155256            nan            nan
         7      -6.180986      35.431941            nan            nan
         8      -3.479096      32.828418            nan            nan
         9      -0.442185      29.968774            nan            nan
        10      -9.122562      38.355374            nan            nan
        11     -11.467054      40.650134            nan            nan
        12       1.452188      28.150138            nan            nan
        13      -2.228048      31.729730            nan            nan
        14      -3.521386      32.726826            nan            nan
        15       3.427225      26.031469            nan            nan
        16       9.632089      20.111797            nan            nan
        17       5.003553      24.540857            nan            nan
        18       6.228789      23.451262            nan            nan
        19      13.775762      16.356482            nan            nan
        20       8.044076      21.936211            nan            nan
        21       2.301389      27.456706            nan            nan
        22       6.077458      24.014532            nan            nan
        23      10.622996      19.643308            nan            nan
        24       3.412935      26.590275            nan            nan
        25       7.939886      22.198878            nan            nan
        26      15.588699      14.803365            nan            nan
        27      10.683725      19.364087            nan            nan
        28       8.278506      21.558460            nan            nan
        29      16.368711      13.796712            nan            nan
        30      16.710597      13.418196            nan            nan
        31       8.655975      21.074615            nan            nan
        32      10.061252      19.777283            nan            nan
        33      13.080288      16.887703            nan            nan
        34       2.746394      26.832005            nan            nan
        35       1.260880      28.233975            nan            nan
        36       7.354520      22.494940            nan            nan
        37       5.797717      23.917413            nan            nan
        38      -0.116081      29.495644            nan            nan
        39       5.686819      23.939962            nan            nan
        40       9.770608      19.999596            nan            nan
        41       3.119017      26.320927            nan            nan
        42       4.948215      24.563162            nan            nan
        43      11.515902      18.360195            nan            nan
        44       8.552842      21.125033            nan            nan
        45       2.106330      27.334497            nan            nan
        46       9.581552      20.167800            nan            nan
        47       9.169675      20.613890            nan            nan
        48       3.123572      26.351657            nan            nan
        49       5.740034      23.929638            nan            nan
        50      12.830409      17.123217            nan            nan
        51       5.031110      24.593513            nan            nan
        52       3.960581      25.513132            nan            nan
        53      10.178847      19.611426            nan            nan
        54      10.495642      19.261785            nan            nan
        55       5.110547      24.447976            nan            nan
        56      10.953163      18.910453            nan            nan
        57      13.920517      16.092416            nan            nan
        58       5.567382      24.081838            nan            nan
        59       5.229617      24.442713            nan            nan
        60      13.456156      16.611084            nan            nan
        61       9.947118      20.049339            nan            nan
        62       5.851735      24.007850            nan            nan
        63      12.829550      17.347942            nan            nan
        64      11.944906      18.276099            nan            nan
        65       5.798856      24.075026            nan            nan
        66       7.818375      22.174680            nan            nan
        67      15.998450      14.324326            nan            nan
        68      10.809940      19.276515            nan            nan
        69       8.385217      21.480911            nan            nan
        70      14.105813      16.022457            nan            nan
        71      14.098640      15.973574            nan            nan
        72       5.995642      23.658021            nan            nan
        73       8.132769      21.555662            nan            nan
        74      10.656151      19.177669            nan            nan
        75       4.151990      25.331924            nan            nan
        76       0.013615      29.303453            nan            nan
        77       7.184665      22.449076            nan            nan
        78       3.999961      25.531371            nan            nan
        79      -1.968758      31.102464            nan            nan
        80       0.755410      28.477138            nan            nan
        81       3.874112      25.530586            nan            nan
        82      -0.443703      29.630276            nan            nan
        83       1.558102      27.739657            nan            nan
        84       8.631687      21.078297            nan            nan
        85       7.795465      21.807388            nan            nan
        86       3.424876      25.957805            nan            nan
        87      11.035644      18.687625            nan            nan
        88      14.263552      15.656427            nan            nan
