# Cycle: 5, status: ACC, move: ('wf', 9000, 2, 80)
#     Time      Potential        Kinetic
         0      -5.016044      28.867105            nan            nan
         1      -7.631799      31.498320            nan            nan
         2      -9.167175      33.118348            nan            nan
         3     -12.052666      35.980947            nan            nan
         4     -12.772432      36.651038            nan            nan
         5     -10.508967      34.458524            nan            nan
         6      -7.433766      31.429890            nan            nan
         7      -8.704723      32.657458            nan            nan
         8      -6.382390      30.445218            nan            nan
         9      -7.389747      31.520279            nan            nan
        10      -6.738129      30.829888            nan            nan
        11      -7.099345      31.186880            nan            nan
        12       0.309279      23.888010            nan            nan
        13       1.661998      22.538065            nan            nan
        14       3.907096      20.223731            nan            nan
        15       5.754281      18.451027            nan            nan
        16       7.180732      17.095566            nan            nan
        17       4.739049      19.495933            nan            nan
        18       2.932064      21.316292            nan            nan
        19       2.215334      22.111624            nan            nan
        20      -1.724835      25.978083            nan            nan
        21      -3.865359      28.040630            nan            nan
        22      -3.142265      27.388914            nan            nan
        23      -0.713097      25.008492            nan            nan
        24      -2.357953      26.589704            nan            nan
        25      -0.320589      24.563014            nan            nan
        26       0.438032      23.839485            nan            nan
        27      -0.610403      24.800696            nan            nan
        28      -1.847317      25.991667            nan            nan
        29       1.677265      22.547861            nan            nan
        30       0.434755      23.791086            nan            nan
        31       0.600310      23.537568            nan            nan
        32      -0.221245      24.362579            nan            nan
        33       1.326204      22.822770            nan            nan
        34      -1.323278      25.388422            nan            nan
        35      -0.388763      24.430259            nan            nan
        36      -0.150734      24.240469            nan            nan
        37       0.520084      23.523123            nan            nan
        38      -2.631528      26.592183            nan            nan
        39      -1.099625      25.090275            nan            nan
        40      -1.933879      25.938720            nan            nan
        41      -3.524174      27.448037            nan            nan
        42      -4.514165      28.424984            nan            nan
        43      -3.010089      26.973252            nan            nan
        44      -4.142459      28.089578            nan            nan
        45      -4.559898      28.497408            nan            nan
        46      -2.631510      26.663852            nan            nan
        47      -1.804162      25.877988            nan            nan
        48      -1.616668      25.616207            nan            nan
        49      -0.758956      24.787646            nan            nan
        50       4.043429      20.083538            nan            nan
        51       4.444608      19.716309            nan            nan
        52       6.823480      17.372989            nan            nan
        53       8.627782      15.678327            nan            nan
        54       9.418137      14.885803            nan            nan
        55       6.865418      17.363111            nan            nan
        56       8.207294      16.073125            nan            nan
        57       8.327491      16.048049            nan            nan
        58       7.844560      16.517000            nan            nan
        59       5.711339      18.641843            nan            nan
        60       6.098548      18.272022            nan            nan
        61       2.833111      21.440815            nan            nan
        62       1.047271      23.138980            nan            nan
        63       1.803953      22.449076            nan            nan
        64       3.127811      21.167609            nan            nan
        65       1.741486      22.460409            nan            nan
        66       1.709988      22.441680            nan            nan
        67       1.963144      22.153118            nan            nan
        68       0.274406      23.737501            nan            nan
        69       0.174509      23.804228            nan            nan
        70       0.812295      23.247547            nan            nan
        71       1.684922      22.362778            nan            nan
        72      -1.524728      25.475099            nan            nan
        73      -1.207169      25.150705            nan            nan
        74      -1.204542      25.171570            nan            nan
        75      -2.425617      26.347421            nan            nan
        76      -3.376959      27.313503            nan            nan
        77      -0.340695      24.372332            nan            nan
        78      -2.155162      26.178792            nan            nan
        79      -2.301263      26.279861            nan            nan
