# Cycle: 5, status: ACC, move: ('wf', 9000, 2, 80)
#     Time       Orderp
         0     0.297481
         1     0.302457
         2     0.307910
         3     0.312260
         4     0.316847
         5     0.320942
         6     0.324982
         7     0.329277
         8     0.333979
         9     0.338428
        10     0.343378
        11     0.347218
        12     0.351192
        13     0.354503
        14     0.358076
        15     0.361220
        16     0.365242
        17     0.368562
        18     0.372898
        19     0.376698
        20     0.380768
        21     0.384775
        22     0.388800
        23     0.392323
        24     0.396441
        25     0.400014
        26     0.403463
        27     0.407311
        28     0.410333
        29     0.413487
        30     0.416432
        31     0.419209
        32     0.421381
        33     0.424354
        34     0.425957
        35     0.428482
        36     0.430189
        37     0.432165
        38     0.433849
        39     0.435846
        40     0.437274
        41     0.439483
        42     0.440887
        43     0.442995
        44     0.444976
        45     0.446941
        46     0.449195
        47     0.451619
        48     0.453560
        49     0.455825
        50     0.458109
        51     0.459593
        52     0.461819
        53     0.463507
        54     0.465141
        55     0.466831
        56     0.468735
        57     0.469856
        58     0.471738
        59     0.473067
        60     0.474262
        61     0.475660
        62     0.476893
        63     0.478010
        64     0.479187
        65     0.480747
        66     0.481708
        67     0.483439
        68     0.484868
        69     0.486429
        70     0.488046
        71     0.489880
        72     0.491170
        73     0.493021
        74     0.494386
        75     0.495575
        76     0.497145
        77     0.498071
        78     0.499200
        79     0.500339
