# Cycle: 74, status: ACC, move: ('wf', 9000, 2, 62)
#     Time      Potential        Kinetic
         0      -6.878806      38.014932            nan            nan
         1      -8.486416      39.481506            nan            nan
         2     -11.854553      42.755334            nan            nan
         3      -8.831569      39.679053            nan            nan
         4      -7.978956      38.710450            nan            nan
         5      -7.122835      37.705008            nan            nan
         6      -6.281755      36.851403            nan            nan
         7      -6.073530      36.631809            nan            nan
         8      -6.786916      37.339459            nan            nan
         9      -7.020480      37.635063            nan            nan
        10      -5.574181      36.287230            nan            nan
        11      -6.289881      37.032857            nan            nan
        12      -3.052482      33.876802            nan            nan
        13      -1.016411      32.036402            nan            nan
        14       4.369062      26.798518            nan            nan
        15       3.837286      27.433422            nan            nan
        16       9.279602      22.127538            nan            nan
        17       8.135522      23.381740            nan            nan
        18      10.982135      20.561957            nan            nan
        19       8.663447      22.939458            nan            nan
        20      11.321430      20.338142            nan            nan
        21       7.060023      24.551437            nan            nan
        22       7.217250      24.298876            nan            nan
        23       3.290186      28.172845            nan            nan
        24       5.300322      26.065358            nan            nan
        25       0.468022      30.724607            nan            nan
        26       2.429194      28.644566            nan            nan
        27       0.534120      30.435455            nan            nan
        28       0.995864      29.822039            nan            nan
        29      -1.425201      32.095961            nan            nan
        30      -0.487624      31.103475            nan            nan
        31      -1.409186      31.952771            nan            nan
        32      -2.441013      32.909456            nan            nan
        33      -2.257997      32.742214            nan            nan
        34      -1.039039      31.609093            nan            nan
        35      -0.500573      31.107461            nan            nan
        36      -0.965557      31.640668            nan            nan
        37       2.344492      28.474738            nan            nan
        38       2.062723      28.872144            nan            nan
        39       4.315226      26.712246            nan            nan
        40       5.082190      26.104546            nan            nan
        41       8.883242      22.449076            nan            nan
        42       7.637844      23.733050            nan            nan
        43      10.340157      21.069413            nan            nan
        44       9.764308      21.699078            nan            nan
        45      11.505056      19.920080            nan            nan
        46       8.943524      22.412746            nan            nan
        47      10.800768      20.534032            nan            nan
        48       8.742522      22.507938            nan            nan
        49       7.737205      23.350200            nan            nan
        50       5.349068      25.629305            nan            nan
        51       5.801682      25.096038            nan            nan
        52       2.791568      27.974928            nan            nan
        53       2.679200      28.020517            nan            nan
        54       2.140960      28.564923            nan            nan
        55       2.373676      28.306496            nan            nan
        56       0.828035      29.817465            nan            nan
        57       2.392864      28.332014            nan            nan
        58       2.981479      27.841397            nan            nan
        59       3.779991      27.112939            nan            nan
        60       4.346720      26.677816            nan            nan
        61       7.023126      24.168854            nan            nan
