# Cycle: 16, status: ACC, move: ('wf', 9000, 2, 167)
#     Time      Potential        Kinetic
         0      -7.904888      37.946082            nan            nan
         1       0.290724      30.190342            nan            nan
         2      -4.054395      34.399923            nan            nan
         3      -6.203591      36.528913            nan            nan
         4       4.208049      26.650769            nan            nan
         5       4.749044      26.232417            nan            nan
         6       0.107707      30.616144            nan            nan
         7       3.220113      27.715190            nan            nan
         8      12.572084      18.648410            nan            nan
         9       4.969174      25.921538            nan            nan
        10       5.436754      25.299061            nan            nan
        11      12.036446      18.962472            nan            nan
        12      11.091888      19.722359            nan            nan
        13       2.250098      28.091705            nan            nan
        14       6.135956      24.287751            nan            nan
        15       9.231195      21.277710            nan            nan
        16       0.508436      29.522317            nan            nan
        17      -2.740008      32.563753            nan            nan
        18       4.224265      25.831718            nan            nan
        19      -0.202194      30.071392            nan            nan
        20      -5.395225      34.996138            nan            nan
        21       1.766487      28.163395            nan            nan
        22       4.346306      25.765867            nan            nan
        23      -1.305090      31.094854            nan            nan
        24      -0.262999      30.145417            nan            nan
        25       9.223255      21.131751            nan            nan
        26       6.181369      24.135728            nan            nan
        27       5.185532      25.082849            nan            nan
        28      12.048588      18.689936            nan            nan
        29      15.581696      15.303620            nan            nan
        30       6.935999      23.623474            nan            nan
        31      11.837463      18.911294            nan            nan
        32      16.736288      14.363134            nan            nan
        33      13.876097      17.008170            nan            nan
        34      10.305104      20.473968            nan            nan
        35      17.102292      13.956913            nan            nan
        36      12.658647      18.177901            nan            nan
        37       5.249466      25.151341            nan            nan
        38       8.841145      21.730155            nan            nan
        39      12.915343      17.769159            nan            nan
        40       5.711034      24.556201            nan            nan
        41       4.479976      25.703374            nan            nan
        42       9.711719      20.640575            nan            nan
        43       3.618210      26.422692            nan            nan
        44      -0.234981      30.076105            nan            nan
        45       7.383076      22.843379            nan            nan
        46      10.174328      20.139771            nan            nan
        47       3.197808      26.812077            nan            nan
        48       7.892985      22.277387            nan            nan
        49      12.606171      17.809666            nan            nan
        50       8.434545      21.779235            nan            nan
        51       8.363586      21.921432            nan            nan
        52      18.238148      12.523582            nan            nan
        53      15.597525      15.085858            nan            nan
        54      10.030063      20.335151            nan            nan
        55      14.253836      16.319834            nan            nan
        56      17.295617      13.394376            nan            nan
        57       9.527782      20.839200            nan            nan
        58      10.954335      19.484595            nan            nan
        59      15.895904      14.814159            nan            nan
        60       9.461763      20.902536            nan            nan
        61       2.740567      27.280404            nan            nan
        62       9.034034      21.238794            nan            nan
        63       9.539818      20.767641            nan            nan
        64       2.964951      27.037689            nan            nan
        65       6.427192      23.728887            nan            nan
        66      10.929944      19.465948            nan            nan
        67       5.401832      24.699943            nan            nan
        68       2.903984      27.120690            nan            nan
        69      12.866922      17.619634            nan            nan
        70      12.369760      18.191495            nan            nan
        71       8.313646      22.018344            nan            nan
        72      13.040544      17.579656            nan            nan
        73      18.629757      12.275064            nan            nan
        74      12.378753      18.268388            nan            nan
        75      13.096507      17.569929            nan            nan
        76      19.610781      11.433674            nan            nan
        77      17.851341      13.039340            nan            nan
        78      10.572421      19.973560            nan            nan
        79      15.747875      15.015812            nan            nan
        80      17.368252      13.440929            nan            nan
        81       8.969793      21.382879            nan            nan
        82       7.802363      22.449076            nan            nan
        83      13.022928      17.404699            nan            nan
        84       6.649718      23.440803            nan            nan
        85       1.259298      28.539937            nan            nan
        86       7.014905      23.055419            nan            nan
        87       7.188433      22.896132            nan            nan
        88      -0.458590      30.148726            nan            nan
        89       1.287832      28.495216            nan            nan
        90       7.184665      22.921419            nan            nan
        91       2.927682      27.036802            nan            nan
        92       2.109258      27.870518            nan            nan
        93       9.076919      21.366435            nan            nan
        94      10.745825      19.774190            nan            nan
        95       3.847821      26.428479            nan            nan
        96      10.107782      20.472674            nan            nan
        97      16.126127      14.787257            nan            nan
        98      12.284633      18.445699            nan            nan
        99      11.618391      19.134995            nan            nan
       100      20.133916      10.977600            nan            nan
       101      15.616350      15.335033            nan            nan
       102      10.658694      19.974446            nan            nan
       103      15.265162      15.590851            nan            nan
       104      17.888334      13.057235            nan            nan
       105      10.432634      20.112201            nan            nan
       106      10.276511      20.211308            nan            nan
       107      13.354241      17.295755            nan            nan
       108       8.140666      22.169297            nan            nan
       109       2.103146      27.938197            nan            nan
       110       8.626881      21.712634            nan            nan
       111      10.371453      20.002006            nan            nan
       112       3.062120      26.950361            nan            nan
       113       5.374840      24.698242            nan            nan
       114      10.177393      20.084562            nan            nan
       115       4.951628      25.063686            nan            nan
       116       3.946602      26.041569            nan            nan
       117      12.920242      17.491716            nan            nan
       118      11.681236      18.719808            nan            nan
       119       6.453797      23.638222            nan            nan
       120      10.631960      19.662943            nan            nan
       121      14.637190      15.867460            nan            nan
       122       8.714987      21.531222            nan            nan
       123       9.210702      21.067167            nan            nan
       124      14.837111      15.794783            nan            nan
       125      11.907337      18.545737            nan            nan
       126       4.864145      25.277320            nan            nan
       127      10.101621      20.297363            nan            nan
       128      11.871926      18.656455            nan            nan
       129       4.981052      25.227934            nan            nan
       130       5.584226      24.666491            nan            nan
       131      10.593325      19.936332            nan            nan
       132       6.876289      23.436028            nan            nan
       133       1.390499      28.695955            nan            nan
       134       8.439010      21.967578            nan            nan
       135      10.071221      20.467734            nan            nan
       136       4.979982      25.262064            nan            nan
       137       5.606544      24.737693            nan            nan
       138      13.856997      16.842528            nan            nan
       139       9.279943      21.279779            nan            nan
       140       7.635379      22.782319            nan            nan
       141      12.939901      17.820387            nan            nan
       142      16.037688      14.802652            nan            nan
       143       8.143335      22.392001            nan            nan
       144      11.973222      18.720839            nan            nan
       145      17.145275      13.842572            nan            nan
       146      11.903156      18.807423            nan            nan
       147       7.181479      23.309473            nan            nan
       148      12.396929      18.301227            nan            nan
       149       7.845455      22.700762            nan            nan
       150       1.315289      28.878085            nan            nan
       151       3.515670      26.842359            nan            nan
       152       6.284683      24.192462            nan            nan
       153      -0.849186      30.901974            nan            nan
       154      -3.188425      33.089267            nan            nan
       155       2.216513      27.898533            nan            nan
       156      -1.022676      30.975956            nan            nan
       157      -5.489936      35.234046            nan            nan
       158      -0.459663      30.511731            nan            nan
       159       0.774550      29.442985            nan            nan
       160      -5.560065      35.564725            nan            nan
       161      -3.761701      33.981574            nan            nan
       162      -1.260508      31.840968            nan            nan
       163      -3.807285      34.223642            nan            nan
       164     -10.948354      41.157573            nan            nan
       165      -2.781868      33.353023            nan            nan
       166      -0.780559      31.567927            nan            nan
