# Preparing propagation with AMS engine
# Trajectory label: 000_57444_2_trajF
# Initial file: /home/konrad/opt/infretis_new/infretis/examples/ams/water_dimer_many_workers/worker16/000_57444_2_conf.rkf
# Initial config: /home/konrad/opt/infretis_new/infretis/examples/ams/water_dimer_many_workers/worker16/000_57444_2_conf.rkf
# Initial order parameter: 0.2859279990419444
0 0.2859279990419444
1 0.28538433521009426
2 0.2868972294553446
3 0.28586478538117616
4 0.287185759019671
5 0.286690272171555
6 0.2872539513383723
7 0.2868823742053474
8 0.28664648619448213
9 0.2858221994441549
10 0.28484345232448904
11 0.2837633857820007
12 0.2826654407491536
13 0.2818860228373871
14 0.2806181769512479
15 0.2800603201433656
16 0.27932044053867155
17 0.27899313154579736
18 0.2792211826870085
19 0.2804766772436783
20 0.28076012463681627
21 0.2828305545557824
22 0.28315545113299684
23 0.2844737249423687
24 0.2844339577472657
25 0.28553001979101517
26 0.2846840606263365
27 0.2860840216771296
28 0.2851689069248082
29 0.2866524294136613
30 0.2864194304943942
31 0.28784216125793066
32 0.28757317726146664
33 0.28888969474991116
34 0.2877886415395779
35 0.2881170169125514
36 0.28625314408091274
37 0.28498886170114224
38 0.28284597809975
39 0.28095731115020955
40 0.2785534709359408
41 0.27729420493040785
42 0.27567659313485227
43 0.2742662216160076
44 0.2741884685597994
45 0.27323573150305075
46 0.2734949729576439
47 0.27320143944276964
48 0.2736796952158021
49 0.2738027812593427
50 0.27460025187581566
51 0.27516868185951915
52 0.2767595230869055
53 0.2779631213250075
54 0.27987258321864855
55 0.28182689091251667
56 0.2843974556511622
57 0.2857428793843102
58 0.2887597335696884
59 0.28970439616419397
60 0.2915843680424479
61 0.29240135313472493
62 0.2933668452515975
63 0.2934005289521461
64 0.29396452348073815
65 0.2932619233208934
66 0.2931007785358418
67 0.2922163654622446
68 0.29123023300488715
69 0.2901665517215001
