# Cycle: 59, status: ACC, move: ('wf', 9000, 2, 163)
#     Time      Potential        Kinetic
         0      -3.876922      31.881109            nan            nan
         1      -3.928344      31.808904            nan            nan
         2      -0.919382      28.866355            nan            nan
         3       3.103132      25.007410            nan            nan
         4      -0.268619      28.214853            nan            nan
         5      -3.538558      31.331103            nan            nan
         6      -0.351714      28.207203            nan            nan
         7      -1.507433      29.242600            nan            nan
         8      -2.843134      30.345346            nan            nan
         9       0.085813      27.450246            nan            nan
        10       3.380738      24.209739            nan            nan
        11      -1.168868      28.531094            nan            nan
        12      -2.737925      29.978422            nan            nan
        13      -1.063807      28.416869            nan            nan
        14      -3.163685      30.427953            nan            nan
        15      -6.924819      34.050825            nan            nan
        16      -1.097255      28.391306            nan            nan
        17       0.034891      27.394671            nan            nan
        18       1.175896      26.142345            nan            nan
        19       1.716523      25.624122            nan            nan
        20       7.553113      20.028544            nan            nan
        21       7.241287      20.354867            nan            nan
        22       7.391864      20.210806            nan            nan
        23       9.917569      17.931569            nan            nan
        24      12.502896      15.434233            nan            nan
        25       6.242837      21.516856            nan            nan
        26       7.803313      20.003358            nan            nan
        27       9.408259      18.584290            nan            nan
        28       7.955846      19.978004            nan            nan
        29       5.531982      22.367389            nan            nan
        30       9.106248      18.906136            nan            nan
        31       6.623023      21.268305            nan            nan
        32       4.284035      23.394999            nan            nan
        33       7.852708      19.910903            nan            nan
        34      11.193670      16.670573            nan            nan
        35       9.684278      18.012263            nan            nan
        36       9.254856      18.370439            nan            nan
        37      11.487600      16.186181            nan            nan
        38       8.325926      19.200629            nan            nan
        39       7.004929      20.430343            nan            nan
        40       9.209386      18.396739            nan            nan
        41      10.659245      16.977923            nan            nan
        42       5.300876      22.163695            nan            nan
        43       6.748859      20.733216            nan            nan
        44       6.336879      21.248647            nan            nan
        45       5.047853      22.449076            nan            nan
        46       2.325020      25.181490            nan            nan
        47       7.739007      19.963703            nan            nan
        48       4.885839      22.806776            nan            nan
        49       4.164251      23.387615            nan            nan
        50       4.848406      22.790243            nan            nan
        51       7.638677      20.089713            nan            nan
        52       4.303307      23.272324            nan            nan
        53       4.840091      22.706098            nan            nan
        54       6.582801      21.098392            nan            nan
        55       6.392403      21.204302            nan            nan
        56       2.983964      24.443497            nan            nan
        57       4.336550      23.169100            nan            nan
        58       6.514565      21.021527            nan            nan
        59       1.401134      25.925712            nan            nan
        60       2.034104      25.268858            nan            nan
        61       4.407766      23.042051            nan            nan
        62       4.630834      22.770048            nan            nan
        63       1.069756      26.258342            nan            nan
        64       6.586208      20.923303            nan            nan
        65       5.647090      21.936508            nan            nan
        66       4.639182      22.817712            nan            nan
        67       3.907613      23.649825            nan            nan
        68      11.338659      16.487853            nan            nan
        69       8.671688      19.193638            nan            nan
        70      10.478087      17.412886            nan            nan
        71      12.545435      15.540808            nan            nan
        72      13.388334      14.694553            nan            nan
        73       9.234683      18.722869            nan            nan
        74      13.176579      14.921955            nan            nan
        75      15.804642      12.444644            nan            nan
        76      13.567245      14.524836            nan            nan
        77      11.647811      16.323154            nan            nan
        78      13.768853      14.203866            nan            nan
        79       9.988018      17.786842            nan            nan
        80       7.502161      20.088891            nan            nan
        81      10.292496      17.377408            nan            nan
        82      10.151970      17.478763            nan            nan
        83       6.380889      20.956775            nan            nan
        84       5.192742      22.032483            nan            nan
        85       6.390724      20.840797            nan            nan
        86       3.770441      23.324936            nan            nan
        87       3.044878      24.020267            nan            nan
        88       5.637727      21.614381            nan            nan
        89       6.313108      20.936479            nan            nan
        90       2.364920      24.748608            nan            nan
        91       3.777953      23.430437            nan            nan
        92       6.978574      20.406587            nan            nan
        93       4.317106      23.081719            nan            nan
        94       6.079348      21.439880            nan            nan
        95       8.896207      18.842057            nan            nan
        96       7.996710      19.745712            nan            nan
        97       5.983062      21.697323            nan            nan
        98      10.055116      17.781018            nan            nan
        99      10.392522      17.586391            nan            nan
       100      12.108364      15.845250            nan            nan
       101      11.128586      16.859354            nan            nan
       102      13.864461      14.200763            nan            nan
       103      11.749380      16.208035            nan            nan
       104      10.683416      17.180113            nan            nan
       105      12.070535      15.883835            nan            nan
       106      14.012768      13.960247            nan            nan
       107      10.478551      17.349207            nan            nan
       108      10.916938      16.849729            nan            nan
       109       9.576195      18.142071            nan            nan
       110       8.043457      19.536009            nan            nan
       111       6.427489      21.112985            nan            nan
       112       9.666467      17.982825            nan            nan
       113       8.591967      19.022873            nan            nan
       114       7.138038      20.328582            nan            nan
       115       6.185388      21.256824            nan            nan
       116       7.553437      19.903767            nan            nan
       117       5.346075      22.078425            nan            nan
       118       7.287509      20.226009            nan            nan
       119       8.089175      19.535842            nan            nan
       120       7.490558      20.063021            nan            nan
       121       4.635927      22.798589            nan            nan
       122       4.874814      22.574878            nan            nan
       123       5.135127      22.352724            nan            nan
       124       3.690165      23.808096            nan            nan
       125       4.402108      23.162489            nan            nan
       126       4.437789      23.135404            nan            nan
       127       2.735115      24.722044            nan            nan
       128       1.494688      25.890272            nan            nan
       129       4.164057      23.274110            nan            nan
       130       3.913741      23.581360            nan            nan
       131       5.807115      21.737986            nan            nan
       132       5.329811      22.248598            nan            nan
       133       6.061011      21.509208            nan            nan
       134       3.739215      23.795951            nan            nan
       135       6.236713      21.353109            nan            nan
       136       5.262093      22.436442            nan            nan
       137       8.064897      19.728799            nan            nan
       138       6.236306      21.622514            nan            nan
       139       7.263847      20.606159            nan            nan
       140       4.543757      23.317930            nan            nan
       141       6.928232      20.971626            nan            nan
       142       5.414422      22.535121            nan            nan
       143       7.923806      20.047987            nan            nan
       144       6.536604      21.449975            nan            nan
       145       7.041626      20.901253            nan            nan
       146       3.905807      23.913441            nan            nan
       147       3.235900      24.505517            nan            nan
       148       1.640494      26.070111            nan            nan
       149       1.132498      26.490686            nan            nan
       150      -1.587967      29.122950            nan            nan
       151      -2.316133      29.809543            nan            nan
       152      -3.805091      31.195044            nan            nan
       153      -7.808441      35.070033            nan            nan
       154      -7.419951      34.675803            nan            nan
       155      -7.585932      34.876201            nan            nan
       156      -8.363333      35.636022            nan            nan
       157      -9.066790      36.381735            nan            nan
       158      -6.244495      33.662029            nan            nan
       159      -9.403186      36.847034            nan            nan
       160      -8.119477      35.606424            nan            nan
       161      -8.525283      36.200884            nan            nan
       162      -7.542983      35.387932            nan            nan
