# Cycle: 59, status: ACC, move: ('wf', 9000, 2, 163)
#     Time       Orderp
         0     0.299054
         1     0.305336
         2     0.312271
         3     0.316770
         4     0.323703
         5     0.328316
         6     0.334123
         7     0.339150
         8     0.344418
         9     0.348819
        10     0.354937
        11     0.359476
        12     0.365358
        13     0.371163
        14     0.376007
        15     0.381116
        16     0.385804
        17     0.388616
        18     0.392194
        19     0.395170
        20     0.396795
        21     0.400524
        22     0.402482
        23     0.405475
        24     0.408678
        25     0.412072
        26     0.414653
        27     0.419796
        28     0.421867
        29     0.426689
        30     0.429905
        31     0.433491
        32     0.436279
        33     0.440447
        34     0.441762
        35     0.445897
        36     0.447528
        37     0.450427
        38     0.452713
        39     0.455341
        40     0.456984
        41     0.460044
        42     0.461300
        43     0.463327
        44     0.465560
        45     0.466164
        46     0.468187
        47     0.469259
        48     0.470233
        49     0.470985
        50     0.473075
        51     0.472464
        52     0.475068
        53     0.475471
        54     0.476695
        55     0.478322
        56     0.479783
        57     0.480560
        58     0.483023
        59     0.483729
        60     0.485259
        61     0.487011
        62     0.487776
        63     0.489016
        64     0.490395
        65     0.490684
        66     0.491770
        67     0.492401
        68     0.492580
        69     0.493226
        70     0.493581
        71     0.493492
        72     0.493986
        73     0.493862
        74     0.493770
        75     0.493809
        76     0.493398
        77     0.493081
        78     0.492611
        79     0.491971
        80     0.491294
        81     0.490685
        82     0.489802
        83     0.489165
        84     0.488446
        85     0.487705
        86     0.487214
        87     0.486631
        88     0.486379
        89     0.485872
        90     0.485920
        91     0.485624
        92     0.485646
        93     0.485700
        94     0.485941
        95     0.485808
        96     0.486352
        97     0.486214
        98     0.486215
        99     0.486186
       100     0.486021
       101     0.485162
       102     0.485418
       103     0.484118
       104     0.483818
       105     0.482893
       106     0.482098
       107     0.480621
       108     0.480244
       109     0.478172
       110     0.477348
       111     0.475679
       112     0.474129
       113     0.472372
       114     0.470819
       115     0.469058
       116     0.467149
       117     0.465938
       118     0.464021
       119     0.462752
       120     0.461308
       121     0.460327
       122     0.458438
       123     0.458286
       124     0.456074
       125     0.455295
       126     0.453743
       127     0.451845
       128     0.449762
       129     0.448173
       130     0.445017
       131     0.442957
       132     0.440596
       133     0.437209
       134     0.435386
       135     0.432319
       136     0.429750
       137     0.427181
       138     0.424854
       139     0.421360
       140     0.419735
       141     0.415765
       142     0.413378
       143     0.409833
       144     0.406524
       145     0.402394
       146     0.399247
       147     0.393965
       148     0.390359
       149     0.385010
       150     0.380017
       151     0.374466
       152     0.368968
       153     0.362354
       154     0.356322
       155     0.349523
       156     0.342084
       157     0.335246
       158     0.327257
       159     0.319523
       160     0.311272
       161     0.303330
       162     0.293895
