# Cycle: 63, status: ACC, move: ('wf', 9000, 2, 273)
#     Time      Potential        Kinetic
         0      -1.225359      32.567467            nan            nan
         1       1.339167      30.052184            nan            nan
         2       4.527011      26.906431            nan            nan
         3      -4.411473      35.605065            nan            nan
         4      -5.989154      37.095945            nan            nan
         5      -3.750654      35.073226            nan            nan
         6      -5.064890      36.326115            nan            nan
         7      -8.950859      40.042215            nan            nan
         8      -5.508085      36.703126            nan            nan
         9      -2.549302      33.842676            nan            nan
        10      -5.778900      36.933245            nan            nan
        11      -2.981533      34.175299            nan            nan
        12       2.178317      29.292773            nan            nan
        13       3.599106      27.871147            nan            nan
        14       0.901889      30.413296            nan            nan
        15       4.201903      27.134072            nan            nan
        16       3.301866      28.074422            nan            nan
        17       3.011443      28.266646            nan            nan
        18       1.759847      29.643362            nan            nan
        19       7.611102      24.040778            nan            nan
        20       2.237110      29.291843            nan            nan
        21      -1.729012      33.026884            nan            nan
        22       0.102118      31.269951            nan            nan
        23       0.446950      30.978236            nan            nan
        24      -2.393082      33.721507            nan            nan
        25       3.050233      28.440808            nan            nan
        26       4.944075      26.698113            nan            nan
        27       3.800329      27.606631            nan            nan
        28       2.942202      28.337008            nan            nan
        29       8.648436      22.906236            nan            nan
        30      11.069589      20.560208            nan            nan
        31       6.622417      24.854817            nan            nan
        32       9.043968      22.605921            nan            nan
        33       9.293474      22.464256            nan            nan
        34       4.558987      26.969638            nan            nan
        35       1.861986      29.698753            nan            nan
        36      11.017308      20.916886            nan            nan
        37       7.634356      24.284091            nan            nan
        38       7.131790      24.606457            nan            nan
        39       8.532734      23.320744            nan            nan
        40       9.815631      21.989804            nan            nan
        41       2.041169      29.482039            nan            nan
        42       6.654884      25.002093            nan            nan
        43       8.404079      23.472023            nan            nan
        44       5.445285      26.150936            nan            nan
        45      -0.495610      31.847042            nan            nan
        46       4.730391      26.699704            nan            nan
        47       2.029920      29.246383            nan            nan
        48       0.496438      30.550156            nan            nan
        49       5.029408      26.188417            nan            nan
        50      11.570347      19.780009            nan            nan
        51       6.261262      24.771988            nan            nan
        52       7.085418      23.889918            nan            nan
        53      13.463376      17.777924            nan            nan
        54      11.717236      19.483263            nan            nan
        55       8.658204      22.436484            nan            nan
        56      14.044132      17.364303            nan            nan
        57      14.795631      16.784308            nan            nan
        58       8.924086      22.449076            nan            nan
        59       9.684484      21.812004            nan            nan
        60      12.421386      19.399445            nan            nan
        61      10.752427      21.017828            nan            nan
        62       6.038072      25.663845            nan            nan
        63      11.167778      20.784949            nan            nan
        64       8.799425      23.087228            nan            nan
        65       4.906741      26.676792            nan            nan
        66       6.601703      25.084466            nan            nan
        67      12.302766      19.511356            nan            nan
        68       7.072652      24.471605            nan            nan
        69       6.888260      24.530088            nan            nan
        70       9.204265      22.332866            nan            nan
        71       7.173345      24.140467            nan            nan
        72       1.569196      29.495789            nan            nan
        73       5.705657      25.523643            nan            nan
        74       7.677986      23.632787            nan            nan
        75       2.540999      28.570266            nan            nan
        76       2.755059      28.429880            nan            nan
        77       6.872676      24.515121            nan            nan
        78       1.827444      29.429405            nan            nan
        79      -0.325257      31.539723            nan            nan
        80       7.084793      24.471215            nan            nan
        81       6.960662      24.709367            nan            nan
        82       5.139083      26.384633            nan            nan
        83       7.485334      24.199757            nan            nan
        84      12.517818      19.412206            nan            nan
        85       8.475235      23.307977            nan            nan
        86       8.384864      23.332160            nan            nan
        87      10.683048      21.254903            nan            nan
        88      12.730287      19.139721            nan            nan
        89       5.891263      25.693611            nan            nan
        90      11.045153      20.639414            nan            nan
        91      14.945894      16.864244            nan            nan
        92      11.462720      20.022344            nan            nan
        93       8.631726      22.633449            nan            nan
        94      14.011923      17.350470            nan            nan
        95      10.921150      20.285543            nan            nan
        96       7.022760      23.967829            nan            nan
        97       9.425356      21.745564            nan            nan
        98      10.417743      20.831597            nan            nan
        99       2.003343      28.941086            nan            nan
       100      -0.116609      31.020246            nan            nan
       101       3.558781      27.597682            nan            nan
       102       1.391746      29.753734            nan            nan
       103       0.979542      30.206789            nan            nan
       104       7.163573      24.366098            nan            nan
       105      10.586038      21.032960            nan            nan
       106       6.852913      24.607060            nan            nan
       107      12.744199      18.935309            nan            nan
       108      19.217562      12.751213            nan            nan
       109      17.035272      14.814833            nan            nan
       110      16.331494      15.512172            nan            nan
       111      23.358614       8.745743            nan            nan
       112      19.675012      12.340038            nan            nan
       113      15.811298      15.937119            nan            nan
       114      17.278779      14.573009            nan            nan
       115      16.881660      14.986789            nan            nan
       116       8.350270      23.165014            nan            nan
       117       6.026579      25.389261            nan            nan
       118       3.761447      27.826266            nan            nan
       119       2.065229      29.323254            nan            nan
       120      -6.203250      37.252112            nan            nan
       121      -1.639911      32.814378            nan            nan
       122       5.006834      26.237099            nan            nan
       123       1.474299      29.494572            nan            nan
       124       3.382759      27.555906            nan            nan
       125      10.935551      20.289616            nan            nan
       126      10.064388      21.108224            nan            nan
       127       7.505789      23.544212            nan            nan
       128      13.339430      18.021165            nan            nan
       129      16.510489      15.057515            nan            nan
       130      12.294016      19.118612            nan            nan
       131      12.945911      18.587558            nan            nan
       132      19.010431      12.869052            nan            nan
       133      14.590104      17.215306            nan            nan
       134      11.497117      20.206037            nan            nan
       135      13.857019      18.098414            nan            nan
       136      13.386969      18.576330            nan            nan
       137       4.399077      27.244782            nan            nan
       138       7.025141      24.655610            nan            nan
       139       9.144092      22.697133            nan            nan
       140       7.111376      24.464800            nan            nan
       141       4.360802      27.024322            nan            nan
       142      10.394836      21.127383            nan            nan
       143       7.368079      24.006975            nan            nan
       144       2.849356      28.210159            nan            nan
       145       5.552168      25.611309            nan            nan
       146       7.698933      23.600342            nan            nan
       147       4.239077      26.834552            nan            nan
       148       3.488830      27.569094            nan            nan
       149       7.581768      23.755137            nan            nan
       150       8.301425      23.015466            nan            nan
       151       4.475734      26.691969            nan            nan
       152      10.587413      20.881996            nan            nan
       153      15.890285      15.814633            nan            nan
       154      13.051549      18.518577            nan            nan
       155      14.864984      16.806647            nan            nan
       156      21.555534      10.428771            nan            nan
       157      19.467018      12.421368            nan            nan
       158      16.367780      15.363133            nan            nan
       159      21.033606      10.926017            nan            nan
       160      21.862988      10.127236            nan            nan
       161      15.577346      16.083703            nan            nan
       162      15.092036      16.540646            nan            nan
       163      17.916942      13.806297            nan            nan
       164      11.201297      20.213767            nan            nan
       165       7.175885      23.998245            nan            nan
       166       8.569371      22.765662            nan            nan
       167       8.018233      23.225537            nan            nan
       168      -1.052518      31.973726            nan            nan
       169      -1.476192      32.404796            nan            nan
       170       2.735068      28.380785            nan            nan
       171      -3.662906      34.570776            nan            nan
       172      -4.058615      34.868310            nan            nan
       173       3.077808      28.040304            nan            nan
       174       3.751269      27.444430            nan            nan
       175       0.981654      30.064704            nan            nan
       176       6.072651      25.163591            nan            nan
       177       8.709409      22.848835            nan            nan
       178       9.477169      22.031211            nan            nan
       179       6.391295      25.144105            nan            nan
       180      13.046130      18.863319            nan            nan
       181      12.171557      19.832009            nan            nan
       182       7.732159      24.082072            nan            nan
       183       9.654195      22.326891            nan            nan
       184      13.354110      18.840712            nan            nan
       185       9.814059      22.172579            nan            nan
       186       8.504040      23.339488            nan            nan
       187      10.441001      21.548387            nan            nan
       188      11.418124      20.416753            nan            nan
       189       2.896753      28.557129            nan            nan
       190       5.092673      26.377590            nan            nan
       191       7.019736      24.514651            nan            nan
       192       1.458220      29.738622            nan            nan
       193      -2.403196      33.412772            nan            nan
       194       3.805510      27.370029            nan            nan
       195       1.712783      29.368838            nan            nan
       196      -0.997289      31.850635            nan            nan
       197       3.364383      27.671666            nan            nan
       198       8.399486      22.863184            nan            nan
       199       5.330325      25.771807            nan            nan
       200       5.986890      25.165701            nan            nan
       201      13.425135      18.099727            nan            nan
       202      12.703163      18.858715            nan            nan
       203      10.616404      20.855026            nan            nan
       204      15.934539      15.844330            nan            nan
       205      19.041036      12.913650            nan            nan
       206      14.095500      17.638729            nan            nan
       207      15.421667      16.354137            nan            nan
       208      18.807491      13.196673            nan            nan
       209      16.221046      15.594405            nan            nan
       210      11.074727      20.532175            nan            nan
       211      14.117097      17.641190            nan            nan
       212      12.357868      19.319971            nan            nan
       213       4.205510      27.077421            nan            nan
       214       2.239075      29.030703            nan            nan
       215       5.326201      26.079674            nan            nan
       216      -0.654772      31.825134            nan            nan
       217      -3.386235      34.412374            nan            nan
       218       0.637472      30.575299            nan            nan
       219       1.766501      29.413328            nan            nan
       220      -2.119289      33.063026            nan            nan
       221       2.407059      28.736546            nan            nan
       222       9.466577      21.969735            nan            nan
       223       6.671544      24.675846            nan            nan
       224       7.631557      23.756456            nan            nan
       225      12.886785      18.840938            nan            nan
       226      13.477653      18.287993            nan            nan
       227       7.908548      23.727382            nan            nan
       228      12.463157      19.423043            nan            nan
       229      13.622828      18.463122            nan            nan
       230       9.366995      22.520351            nan            nan
       231       5.664097      26.176088            nan            nan
       232      12.183547      19.825334            nan            nan
       233       6.089312      25.722335            nan            nan
       234       5.779543      25.803531            nan            nan
       235       8.928955      22.744526            nan            nan
       236      10.503349      21.105353            nan            nan
       237       4.561212      26.683549            nan            nan
       238       5.461774      25.718149            nan            nan
       239       5.959333      25.273925            nan            nan
       240       1.970766      29.047640            nan            nan
       241      -1.990820      32.927324            nan            nan
       242       0.197425      30.924704            nan            nan
       243      -2.225387      33.321794            nan            nan
       244      -7.731802      38.665360            nan            nan
       245      -5.317665      36.416046            nan            nan
       246       0.230266      31.088028            nan            nan
       247       1.469780      29.863793            nan            nan
       248       6.292400      25.206709            nan            nan
       249      14.231935      17.538195            nan            nan
       250      15.589800      16.198868            nan            nan
       251      15.431513      16.320880            nan            nan
       252      20.058490      11.900146            nan            nan
       253      21.073115      10.981992            nan            nan
       254      16.342684      15.545296            nan            nan
       255      15.131446      16.755078            nan            nan
       256      11.866986      20.099423            nan            nan
       257       7.077444      24.678063            nan            nan
       258      -0.730149      32.261753            nan            nan
       259       0.569752      31.002673            nan            nan
       260       1.034621      30.430444            nan            nan
       261      -2.012231      33.194088            nan            nan
       262       0.632203      30.491574            nan            nan
       263       4.250311      26.939461            nan            nan
       264       2.329517      28.685386            nan            nan
       265      -1.025057      31.914202            nan            nan
       266       1.534189      29.557394            nan            nan
       267      -4.091807      35.170779            nan            nan
       268      -9.328682      40.347622            nan            nan
       269     -11.352251      42.546963            nan            nan
       270      -8.069271      39.524113            nan            nan
       271      -5.858897      37.334161            nan            nan
       272      -1.532312      33.005449            nan            nan
