# Cycle: 64, status: ACC, move: None
#     Time      Potential        Kinetic
         0     -11.704895      21.468228            nan            nan
         1      -8.707875      18.651918            nan            nan
         2      -8.320045      18.369085            nan            nan
         3     -12.401462      22.333750            nan            nan
         4     -12.908464      22.887409            nan            nan
         5      -7.668845      17.837789            nan            nan
         6      -9.098865      19.192699            nan            nan
         7      -9.761930      19.742248            nan            nan
         8      -8.031341      18.093211            nan            nan
         9      -6.775113      16.803939            nan            nan
        10     -10.735838      20.576064            nan            nan
        11      -8.443319      18.302887            nan            nan
        12      -5.571862      15.514857            nan            nan
        13      -7.699647      17.501377            nan            nan
        14     -10.626673      20.366061            nan            nan
        15      -9.426664      19.282352            nan            nan
        16     -10.501070      20.329483            nan            nan
        17     -14.446939      24.095265            nan            nan
        18     -11.446921      21.167007            nan            nan
        19      -6.966414      16.813783            nan            nan
        20      -8.020750      17.773444            nan            nan
        21      -7.807198      17.574925            nan            nan
        22      -6.164286      16.088367            nan            nan
        23     -10.314265      20.205312            nan            nan
        24     -14.599817      24.395382            nan            nan
        25     -15.411711      25.354314            nan            nan
        26     -10.521357      20.554746            nan            nan
