# Cycle: 31, status: ACC, move: ('wf', 9000, 2, 63)
#     Time      Potential        Kinetic
         0      -3.528467      25.526636            nan            nan
         1      -3.126548      25.182301            nan            nan
         2      -3.874256      25.872406            nan            nan
         3      -0.590334      22.746115            nan            nan
         4       1.821191      20.461199            nan            nan
         5      -0.484067      22.657117            nan            nan
         6      -0.204599      22.386811            nan            nan
         7       3.068039      19.239321            nan            nan
         8       2.603489      19.603866            nan            nan
         9       1.773355      20.288477            nan            nan
        10       4.940824      17.206550            nan            nan
        11       6.223378      15.897490            nan            nan
        12       2.795770      19.114754            nan            nan
        13       2.682584      19.220530            nan            nan
        14       4.044301      17.921133            nan            nan
        15      -0.170765      21.984367            nan            nan
        16      -2.536593      24.252279            nan            nan
        17      -0.320588      22.162673            nan            nan
        18      -1.363089      23.165569            nan            nan
        19      -3.373034      25.043285            nan            nan
        20      -0.525955      22.295913            nan            nan
        21       2.560387      19.309810            nan            nan
        22       0.685332      21.077623            nan            nan
        23       1.780577      20.003196            nan            nan
        24       4.896043      17.066116            nan            nan
        25       3.926431      17.989370            nan            nan
        26       1.792867      20.058003            nan            nan
        27       3.578731      18.417555            nan            nan
        28       5.994274      16.088875            nan            nan
        29       2.256228      19.702282            nan            nan
        30       3.861519      18.134275            nan            nan
        31       6.769184      15.339086            nan            nan
        32       5.089146      16.914080            nan            nan
        33       3.775605      18.142223            nan            nan
        34       6.594726      15.436664            nan            nan
        35       6.359529      15.653361            nan            nan
        36       2.768654      19.076951            nan            nan
        37       2.903207      18.982723            nan            nan
        38       4.608245      17.368718            nan            nan
        39       0.788747      21.064549            nan            nan
        40      -0.829235      22.619448            nan            nan
        41       1.856716      20.071303            nan            nan
        42       1.024758      20.896522            nan            nan
        43      -1.075055      22.892844            nan            nan
        44       1.361097      20.582977            nan            nan
        45       2.883479      19.185062            nan            nan
        46       0.857647      21.130555            nan            nan
        47       0.203992      21.794344            nan            nan
        48       2.917945      19.253950            nan            nan
        49       1.637278      20.514583            nan            nan
        50      -0.382136      22.449076            nan            nan
        51       1.591652      20.615357            nan            nan
        52       1.979157      20.272875            nan            nan
        53      -1.833721      23.902491            nan            nan
        54      -3.099293      25.117275            nan            nan
        55      -2.009498      24.111205            nan            nan
        56      -3.842658      25.831664            nan            nan
        57      -6.861732      28.702689            nan            nan
        58      -5.888034      27.765082            nan            nan
        59      -6.810105      28.619210            nan            nan
        60     -11.815827      33.383176            nan            nan
        61     -13.114402      34.642234            nan            nan
        62     -13.418025      35.038415            nan            nan
