# Cycle: 67, status: ACC, move: ('wf', 9000, 2, 41)
#     Time      Potential        Kinetic
         0     -15.082701      41.290675            nan            nan
         1     -15.518871      41.762854            nan            nan
         2      -4.530726      31.021246            nan            nan
         3      -1.626143      28.131012            nan            nan
         4      -2.673998      29.050065            nan            nan
         5       0.736504      25.859910            nan            nan
         6       3.869115      22.877252            nan            nan
         7      -0.753633      27.308956            nan            nan
         8       0.776736      25.762762            nan            nan
         9       3.053725      23.614717            nan            nan
        10       2.966316      23.534529            nan            nan
        11       0.159285      26.165065            nan            nan
        12       4.778990      21.695405            nan            nan
        13       3.733992      22.674410            nan            nan
        14      -0.891625      27.004196            nan            nan
        15      -2.069134      28.153919            nan            nan
        16       0.062647      26.072858            nan            nan
        17      -4.915378      30.848885            nan            nan
        18      -5.250721      31.128890            nan            nan
        19      -0.428966      26.490015            nan            nan
        20      -0.624501      26.608635            nan            nan
        21      -2.715826      28.540834            nan            nan
        22       2.637334      23.365254            nan            nan
        23       5.904314      20.247628            nan            nan
        24       3.927973      22.142714            nan            nan
        25       6.260080      19.932356            nan            nan
        26      10.701425      15.741813            nan            nan
        27       8.855139      17.540300            nan            nan
        28       7.150899      19.209604            nan            nan
        29      11.706571      14.898691            nan            nan
        30      11.328988      15.325387            nan            nan
        31       8.013039      18.481961            nan            nan
        32       8.718130      17.854089            nan            nan
        33      11.143372      15.521183            nan            nan
        34       5.767161      20.688426            nan            nan
        35       4.951736      21.416069            nan            nan
        36       7.189133      19.296529            nan            nan
        37       5.112427      21.229041            nan            nan
        38       0.683950      25.425815            nan            nan
        39       3.724468      22.449076            nan            nan
        40       3.302925      22.876436            nan            nan
