# Cycle: 45, status: ACC, move: ('sh', 0.3033375959938503, 3, 2)
#     Time      Potential        Kinetic
         0      13.755823      13.489818            nan            nan
         1       9.185601      17.795207            nan            nan
         2       4.403219      22.449076            nan            nan
         3       7.998168      18.950932            nan            nan
         4       0.979989      25.718913            nan            nan
         5      -0.620614      26.999733            nan            nan
         6       0.133362      26.139254            nan            nan
         7      -0.149192      26.261351            nan            nan
         8      -9.024875      34.777525            nan            nan
         9     -10.872309      36.562234            nan            nan
        10      -7.727584      33.620229            nan            nan
        11      -8.661313      34.414926            nan            nan
        12      -9.307882      34.869568            nan            nan
        13      -1.296718      27.196763            nan            nan
