# Cycle: 77, status: ACC, move: None
#     Time      Potential        Kinetic
         0     -10.499534      22.392781            nan            nan
         1     -11.135361      22.942808            nan            nan
         2     -12.479877      24.130886            nan            nan
         3      -7.781697      19.578758            nan            nan
         4      -6.654109      18.552805            nan            nan
         5     -11.187648      22.933185            nan            nan
         6     -13.658776      25.454965            nan            nan
         7     -11.688003      23.734939            nan            nan
         8     -14.043827      26.062003            nan            nan
         9     -15.293040      27.220773            nan            nan
        10     -13.629065      25.655677            nan            nan
        11     -11.197970      23.204639            nan            nan
        12     -14.298273      26.204310            nan            nan
        13     -10.064818      22.138204            nan            nan
        14      -9.003352      21.180884            nan            nan
        15     -15.532575      27.454650            nan            nan
        16     -21.601679      33.315599            nan            nan
        17     -18.266881      30.038652            nan            nan
        18     -17.443175      29.177908            nan            nan
        19     -16.248106      27.879324            nan            nan
        20     -12.522880      24.248630            nan            nan
        21     -11.920884      23.660665            nan            nan
        22     -16.383428      27.905326            nan            nan
        23     -17.659531      29.113556            nan            nan
        24     -14.995684      26.553121            nan            nan
        25     -15.299425      26.808776            nan            nan
        26     -14.243877      25.733834            nan            nan
