# Preparing propagation with AMS engine
# Trajectory label: 024_57452_7_trajF
# Initial file: /home/konrad/opt/infretis_new/infretis/examples/ams/water_dimer_many_workers/worker24/024_57452_7_conf.rkf
# Initial config: /home/konrad/opt/infretis_new/infretis/examples/ams/water_dimer_many_workers/worker24/024_57452_7_conf.rkf
# Initial order parameter: 0.4141159689672947
0 0.4141159689672947
1 0.4132671669788518
2 0.4103944150166885
3 0.4092103081614366
4 0.40619719022367307
5 0.4042589620031635
6 0.4016027284900912
7 0.3996541032508568
8 0.397301908028713
9 0.3958775582985755
10 0.3940549292873942
11 0.39283157211184216
12 0.3917047146261724
13 0.39041299360963355
14 0.38874064820497767
15 0.3872354742056172
16 0.38464803513009016
17 0.38143496456261566
18 0.3780642984417721
19 0.3739332592820097
20 0.3691495893430683
21 0.36510094210422184
22 0.36066775652588273
23 0.35694581223719374
24 0.3530881080587085
25 0.3504236682671674
26 0.3463258654654894
27 0.3434139198628926
28 0.3385304893203086
29 0.3344070261310969
30 0.32867954953713785
31 0.32304269933383445
32 0.3160930048001318
33 0.30953635150147596
34 0.30119758766735527
35 0.2941481237819948
# Propagation done.
