# Preparing propagation with AMS engine
# Trajectory label: 024_57452_6_trajB
# Initial file: /home/konrad/opt/infretis_new/infretis/examples/ams/water_dimer_many_workers/worker24/024_57452_6_conf.rkf
# Initial config: /home/konrad/opt/infretis_new/infretis/examples/ams/water_dimer_many_workers/worker24/024_57452_6_conf.rkf
# Initial order parameter: 0.4141079384806589
0 0.4141079384806589
1 0.4120729370202947
2 0.4097315575715408
3 0.4080369120906691
4 0.4057451676892358
5 0.40479489214123515
6 0.40292569216584556
7 0.40220318571111663
8 0.4004291608590051
9 0.39976055913652225
10 0.39725931796847047
11 0.39584399391201336
12 0.39337626910077494
13 0.3911078070563342
14 0.3884838967302221
15 0.3864951465752796
16 0.38338124338149376
17 0.38139775179082563
18 0.3785424233287611
19 0.3752589080188022
20 0.37229208978490086
21 0.3678317015318965
22 0.36369287461750177
23 0.3586709588737618
24 0.3543156938048048
25 0.3494907279968573
26 0.3456480646946982
27 0.3409281999655523
28 0.33786642869049205
29 0.33266313634434425
30 0.3291797546045028
31 0.3239951935076613
32 0.3200595737522756
33 0.3151196000364864
34 0.31177506832534146
35 0.30642782014935127
36 0.3017576220080366
37 0.2959230725319957
# Propagation done.
