# Cycle: 60, status: ACC, move: ('wf', 9000, 2, 65)
#     Time      Potential        Kinetic
         0      -3.391939      31.809995            nan            nan
         1      -9.047314      37.160935            nan            nan
         2      -5.352103      33.574717            nan            nan
         3       2.740128      25.883937            nan            nan
         4      -0.035852      28.378697            nan            nan
         5      -5.512978      33.536201            nan            nan
         6       3.199387      25.160877            nan            nan
         7       4.682941      23.698016            nan            nan
         8      -3.338033      31.326971            nan            nan
         9       0.482693      27.683809            nan            nan
        10       6.043562      22.395429            nan            nan
        11      -1.129187      29.201210            nan            nan
        12      -3.626524      31.586635            nan            nan
        13       4.575182      23.777051            nan            nan
        14       2.153721      26.082001            nan            nan
        15      -4.906817      32.815180            nan            nan
        16       2.351390      25.920353            nan            nan
        17       7.947846      20.586036            nan            nan
        18       0.815501      27.352453            nan            nan
        19       2.308768      25.891852            nan            nan
        20      10.396422      18.161369            nan            nan
        21       6.139789      22.159120            nan            nan
        22       1.483583      26.579433            nan            nan
        23      10.175099      18.303270            nan            nan
        24      11.570728      16.929046            nan            nan
        25       2.218467      25.782750            nan            nan
        26       4.552126      23.535386            nan            nan
        27      11.477157      16.856981            nan            nan
        28       3.113698      24.809620            nan            nan
        29       0.658469      27.095456            nan            nan
        30       8.614254      19.509970            nan            nan
        31       6.296439      21.675626            nan            nan
        32      -1.976836      29.547527            nan            nan
        33       5.089694      22.791610            nan            nan
        34       9.510897      18.602972            nan            nan
        35       1.852302      25.897378            nan            nan
        36       3.109093      24.723331            nan            nan
        37      11.775694      16.506732            nan            nan
        38       7.010003      21.089776            nan            nan
        39       2.597268      25.345605            nan            nan
        40      12.060224      16.394280            nan            nan
        41      13.220535      15.353305            nan            nan
        42       5.790569      22.449076            nan            nan
        43      10.485319      18.010342            nan            nan
        44      16.554628      12.249942            nan            nan
        45       8.560675      19.878630            nan            nan
        46       7.600873      20.786575            nan            nan
        47      16.072096      12.732200            nan            nan
        48      12.734738      15.861932            nan            nan
        49       5.070321      23.119507            nan            nan
        50      11.700659      16.741349            nan            nan
        51      12.355864      16.100178            nan            nan
        52       3.098025      24.837895            nan            nan
        53       3.632749      24.336019            nan            nan
        54      11.131369      17.145164            nan            nan
        55       3.593976      24.302517            nan            nan
        56      -0.983670      28.601468            nan            nan
        57       6.288421      21.686221            nan            nan
        58       6.545613      21.390078            nan            nan
        59      -2.041212      29.594447            nan            nan
        60       4.394644      23.470889            nan            nan
        61      11.640459      16.600151            nan            nan
        62       4.818664      23.100233            nan            nan
        63       3.775863      24.106646            nan            nan
        64      14.200454      14.172195            nan            nan
