# Cycle: 13, status: ACC, move: ('wf', 9000, 2, 166)
#     Time      Potential        Kinetic
         0     -13.080525      33.045688            nan            nan
         1     -12.334526      32.370580            nan            nan
         2      -7.324033      27.440970            nan            nan
         3     -11.008980      30.950167            nan            nan
         4      -9.164048      29.032114            nan            nan
         5      -6.658517      26.610831            nan            nan
         6      -7.377381      27.224644            nan            nan
         7     -10.613894      30.314384            nan            nan
         8      -7.487450      27.317073            nan            nan
         9      -7.194111      27.079035            nan            nan
        10     -10.782492      30.489285            nan            nan
        11     -11.471735      31.163843            nan            nan
        12      -8.997587      28.809382            nan            nan
        13     -10.672847      30.398516            nan            nan
        14     -11.535754      31.195962            nan            nan
        15      -7.066415      26.918984            nan            nan
        16      -6.060747      25.958977            nan            nan
        17      -8.201209      27.961113            nan            nan
        18      -7.335122      27.155972            nan            nan
        19      -3.960430      23.925887            nan            nan
        20      -6.589283      26.467504            nan            nan
        21      -6.111882      25.966053            nan            nan
        22      -2.862393      22.902534            nan            nan
        23      -1.070478      21.105226            nan            nan
        24      -4.204488      24.073025            nan            nan
        25      -0.518550      20.456974            nan            nan
        26       1.382051      18.672941            nan            nan
        27       0.752159      19.189502            nan            nan
        28       0.108233      19.815447            nan            nan
        29       2.739759      17.320479            nan            nan
        30       1.816923      18.163805            nan            nan
        31      -2.054546      21.874326            nan            nan
        32      -0.006919      19.937517            nan            nan
        33       1.344434      18.667957            nan            nan
        34      -1.941793      21.807823            nan            nan
        35      -3.248320      23.105495            nan            nan
        36       0.948863      19.061219            nan            nan
        37      -2.312605      22.254719            nan            nan
        38      -3.080583      22.916876            nan            nan
        39      -0.544321      20.523173            nan            nan
        40       0.997435      19.048021            nan            nan
        41      -1.902515      21.805155            nan            nan
        42      -0.279093      20.208053            nan            nan
        43       1.044657      19.018788            nan            nan
        44       0.774500      19.194149            nan            nan
        45      -2.114538      22.001583            nan            nan
        46       1.504005      18.524045            nan            nan
        47       1.330523      18.684338            nan            nan
        48      -1.340403      21.172628            nan            nan
        49      -0.408143      20.269610            nan            nan
        50       3.694245      16.261674            nan            nan
        51       1.366393      18.441739            nan            nan
        52       1.758029      17.980030            nan            nan
        53       5.598491      14.254777            nan            nan
        54       5.294500      14.501071            nan            nan
        55       2.625968      17.016123            nan            nan
        56       4.839394      14.905874            nan            nan
        57       6.001261      13.846996            nan            nan
        58       2.468720      17.268997            nan            nan
        59       1.049295      18.722287            nan            nan
        60       2.601047      17.340404            nan            nan
        61      -1.066204      20.944463            nan            nan
        62      -4.417797      24.215203            nan            nan
        63      -1.675793      21.660119            nan            nan
        64       0.602824      19.495378            nan            nan
        65      -1.120583      21.126830            nan            nan
        66       0.592032      19.477483            nan            nan
        67       4.223955      15.968416            nan            nan
        68       1.487335      18.583959            nan            nan
        69       0.876997      19.138812            nan            nan
        70       3.852109      16.328863            nan            nan
        71       3.873050      16.295167            nan            nan
        72      -0.109664      20.096231            nan            nan
        73       1.960708      18.060015            nan            nan
        74       3.139542      16.929434            nan            nan
        75       1.622274      18.269251            nan            nan
        76       1.163472      18.655163            nan            nan
        77       4.685292      15.235252            nan            nan
        78       3.651357      16.171422            nan            nan
        79       0.812790      18.857355            nan            nan
        80       2.500919      17.273041            nan            nan
        81       3.590356      16.249413            nan            nan
        82      -0.864779      20.529907            nan            nan
        83      -2.811544      22.451381            nan            nan
        84      -0.896982      20.671808            nan            nan
        85      -4.239781      23.971101            nan            nan
        86      -6.012986      25.716328            nan            nan
        87      -3.781476      23.668037            nan            nan
        88      -1.615884      21.566959            nan            nan
        89      -4.222964      24.024383            nan            nan
        90      -1.152687      21.008171            nan            nan
        91       2.971416      17.049087            nan            nan
        92       3.091953      16.881770            nan            nan
        93       2.364019      17.593971            nan            nan
        94       5.878156      14.234300            nan            nan
        95       4.307371      15.760440            nan            nan
        96       0.797389      19.106075            nan            nan
        97       1.432484      18.551688            nan            nan
        98       3.309100      16.762446            nan            nan
        99      -0.617009      20.561397            nan            nan
       100      -0.604709      20.537482            nan            nan
       101       1.150016      18.864490            nan            nan
       102      -1.123553      21.004709            nan            nan
       103      -2.672942      22.449076            nan            nan
       104       1.374889      18.545665            nan            nan
       105       1.981202      17.970221            nan            nan
       106       0.253673      19.581776            nan            nan
       107       1.126719      18.770783            nan            nan
       108       2.231597      17.741570            nan            nan
       109      -1.374333      21.233418            nan            nan
       110      -3.122316      22.977361            nan            nan
       111      -0.937273      20.979264            nan            nan
       112      -2.659869      22.695338            nan            nan
       113      -5.530079      25.466951            nan            nan
       114      -3.658050      23.666416            nan            nan
       115      -2.096350      22.135340            nan            nan
       116      -4.548757      24.467380            nan            nan
       117      -2.924744      22.855695            nan            nan
       118       0.415001      19.650315            nan            nan
       119      -1.081246      21.048858            nan            nan
       120      -3.566155      23.394038            nan            nan
       121      -0.139498      20.015493            nan            nan
       122      -0.654580      20.518141            nan            nan
       123      -1.162017      20.885252            nan            nan
       124       0.271890      19.468076            nan            nan
       125       3.344289      16.490866            nan            nan
       126       2.051088      17.658502            nan            nan
       127       1.306709      18.330167            nan            nan
       128       4.093018      15.674646            nan            nan
       129       4.382211      15.396429            nan            nan
       130       1.596857      18.064887            nan            nan
       131       2.596155      17.157563            nan            nan
       132       4.002741      15.883713            nan            nan
       133       1.333462      18.501025            nan            nan
       134       0.311627      19.573662            nan            nan
       135       1.011492      19.050634            nan            nan
       136      -0.562455      20.606453            nan            nan
       137      -5.235497      25.173179            nan            nan
       138      -3.092470      23.166527            nan            nan
       139      -1.773893      21.966479            nan            nan
       140      -1.621342      21.743768            nan            nan
       141      -0.535831      20.674568            nan            nan
       142       3.279802      16.938705            nan            nan
       143       3.484155      16.620308            nan            nan
       144       3.457613      16.543479            nan            nan
       145       7.023158      13.060727            nan            nan
       146       7.714121      12.334609            nan            nan
       147       4.681704      15.185523            nan            nan
       148       4.551577      15.303940            nan            nan
       149       4.524278      15.377311            nan            nan
       150       0.555128      19.205923            nan            nan
       151      -2.943909      22.612020            nan            nan
       152      -3.616566      23.349115            nan            nan
       153      -6.210774      25.908184            nan            nan
       154      -9.925455      29.551077            nan            nan
       155      -7.806625      27.576434            nan            nan
       156      -7.400542      27.237374            nan            nan
       157      -8.932888      28.639237            nan            nan
       158      -8.926991      28.630182            nan            nan
       159      -6.458768      26.276284            nan            nan
       160      -9.840143      29.652022            nan            nan
       161     -11.822069      31.657675            nan            nan
       162     -12.292995      32.279538            nan            nan
       163      -8.101474      28.109623            nan            nan
       164      -9.234526      29.113011            nan            nan
       165      -5.144496      25.096536            nan            nan
