# Cycle: 54, status: ACC, move: ('wf', 9000, 2, 57)
#     Time      Potential        Kinetic
         0      -3.589716      30.230794            nan            nan
         1      -8.392252      34.966942            nan            nan
         2     -13.096826      39.613748            nan            nan
         3      -9.973554      36.641148            nan            nan
         4      -9.976314      36.665366            nan            nan
         5      -7.062703      33.743259            nan            nan
         6      -4.078029      30.927538            nan            nan
         7      -1.993935      28.868042            nan            nan
         8      -6.645202      33.411370            nan            nan
         9      -3.807921      30.635098            nan            nan
        10      -5.505967      32.365932            nan            nan
        11      -4.536229      31.283649            nan            nan
        12      -4.450739      31.224520            nan            nan
        13       1.916658      24.934696            nan            nan
        14       1.094695      25.632797            nan            nan
        15       3.219250      23.430368            nan            nan
        16       5.222824      21.470326            nan            nan
        17       5.959261      20.645355            nan            nan
        18       3.394806      23.072203            nan            nan
        19       5.717087      20.842850            nan            nan
        20       5.882000      20.731171            nan            nan
        21       2.796870      23.691885            nan            nan
        22       0.699906      25.788831            nan            nan
        23       1.298930      25.295144            nan            nan
        24      -0.691158      27.253262            nan            nan
        25      -2.358963      28.882781            nan            nan
        26       0.044793      26.653231            nan            nan
        27       4.939561      21.876392            nan            nan
        28       4.372962      22.364042            nan            nan
        29       7.656619      19.151297            nan            nan
        30      12.893187      14.078310            nan            nan
        31      12.887557      14.069510            nan            nan
        32      12.582557      14.330583            nan            nan
        33      14.739350      12.294624            nan            nan
        34      14.920912      12.125303            nan            nan
        35      11.225336      15.679351            nan            nan
        36      10.977076      15.932911            nan            nan
        37      10.657167      16.285112            nan            nan
        38       6.795590      19.971052            nan            nan
        39       3.141960      23.497818            nan            nan
        40       3.875741      22.802006            nan            nan
        41       0.729951      25.849406            nan            nan
        42      -1.687115      28.110075            nan            nan
        43      -2.450932      28.881233            nan            nan
        44      -0.971766      27.395999            nan            nan
        45      -3.954822      30.219159            nan            nan
        46      -2.895478      29.172448            nan            nan
        47      -0.128918      26.540484            nan            nan
        48       1.170844      25.240342            nan            nan
        49      -0.546957      26.935708            nan            nan
        50       4.086269      22.449076            nan            nan
        51       4.313639      22.278826            nan            nan
        52       4.207343      22.358944            nan            nan
        53       6.067298      20.652857            nan            nan
        54       9.674225      17.220672            nan            nan
        55       8.236434      18.649814            nan            nan
        56       8.298145      18.606689            nan            nan
