# Cycle: 22, status: ACC, move: ('wf', 9000, 2, 109)
#     Time      Potential        Kinetic
         0      -1.774113      30.597887            nan            nan
         1      -0.225753      29.113697            nan            nan
         2       5.117386      23.967726            nan            nan
         3       7.544718      21.481825            nan            nan
         4       9.278637      19.619808            nan            nan
         5      15.568475      13.507416            nan            nan
         6      17.570696      11.601804            nan            nan
         7      12.535135      16.430319            nan            nan
         8       9.543305      19.305087            nan            nan
         9       7.666322      21.133423            nan            nan
        10       3.256476      25.283863            nan            nan
        11      -0.044993      28.423070            nan            nan
        12       4.227511      24.283339            nan            nan
        13       4.097679      24.334646            nan            nan
        14       0.062336      28.024478            nan            nan
        15      -0.984290      28.927204            nan            nan
        16      -0.581207      28.471341            nan            nan
        17      -4.853065      32.538920            nan            nan
        18      -4.971922      32.673218            nan            nan
        19      -0.442687      28.342296            nan            nan
        20      -2.033518      29.850420            nan            nan
        21      -3.666659      31.284988            nan            nan
        22       0.237716      27.485434            nan            nan
        23       3.089704      24.782894            nan            nan
        24       3.021792      24.840441            nan            nan
        25       5.149536      22.885558            nan            nan
        26       8.781937      19.554704            nan            nan
        27       9.232781      19.174484            nan            nan
        28       7.367938      21.077479            nan            nan
        29      10.679273      18.053042            nan            nan
        30      13.448668      15.476996            nan            nan
        31       9.409974      19.439392            nan            nan
        32       9.992337      18.945456            nan            nan
        33      15.121685      14.072304            nan            nan
        34      14.392972      14.829235            nan            nan
        35      14.060682      15.116660            nan            nan
        36      17.203488      12.072324            nan            nan
        37      16.700173      12.495793            nan            nan
        38      13.256528      15.675472            nan            nan
        39      15.208947      13.728150            nan            nan
        40      19.185913       9.851555            nan            nan
        41      16.878379      11.950066            nan            nan
        42      14.400676      14.210606            nan            nan
        43      15.595427      12.989109            nan            nan
        44      13.052348      15.349047            nan            nan
        45       8.652153      19.493774            nan            nan
        46       9.940827      18.257173            nan            nan
        47      10.645638      17.580345            nan            nan
        48       6.179931      21.828132            nan            nan
        49       3.952620      23.979499            nan            nan
        50       6.519956      21.554096            nan            nan
        51       3.519634      24.482092            nan            nan
        52       1.379055      26.535655            nan            nan
        53       2.684958      25.396353            nan            nan
        54       4.841480      23.338258            nan            nan
        55       0.075562      27.989652            nan            nan
        56       2.570062      25.587928            nan            nan
        57       3.947939      24.417943            nan            nan
        58       4.412893      23.918327            nan            nan
        59       1.001516      27.298610            nan            nan
        60       6.522388      21.987920            nan            nan
        61       6.145791      22.449076            nan            nan
        62       5.471843      23.024037            nan            nan
        63       5.678241      22.933469            nan            nan
        64      11.425896      17.370726            nan            nan
        65       7.646354      21.068366            nan            nan
        66       8.846004      19.840443            nan            nan
        67      11.833385      17.054988            nan            nan
        68      13.604575      15.306069            nan            nan
        69      10.334127      18.443056            nan            nan
        70      14.141148      14.740258            nan            nan
        71      16.043944      12.937116            nan            nan
        72      14.249151      14.569711            nan            nan
        73      13.714274      15.058166            nan            nan
        74      18.082902      10.859866            nan            nan
        75      17.500874      11.369814            nan            nan
        76      14.443417      14.224014            nan            nan
        77      16.121676      12.569138            nan            nan
        78      16.394738      12.267624            nan            nan
        79      12.445321      15.975107            nan            nan
        80      12.095385      16.289999            nan            nan
        81      14.771634      13.700098            nan            nan
        82      11.650073      16.617732            nan            nan
        83       7.855930      20.160352            nan            nan
        84       9.084319      18.953202            nan            nan
        85       8.836881      19.147822            nan            nan
        86       4.883320      22.908657            nan            nan
        87       5.608997      22.220401            nan            nan
        88       7.994442      19.956408            nan            nan
        89       5.264494      22.571904            nan            nan
        90       4.327088      23.488520            nan            nan
        91       8.025602      20.040553            nan            nan
        92       9.675874      18.509403            nan            nan
        93       6.909185      21.240777            nan            nan
        94      10.401587      17.960794            nan            nan
        95      14.172780      14.476222            nan            nan
        96      14.289423      14.417625            nan            nan
        97      14.758010      14.083202            nan            nan
        98      20.190026       8.938116            nan            nan
        99      19.022540      10.131673            nan            nan
       100      17.057841      11.990387            nan            nan
       101      19.428427       9.790366            nan            nan
       102      23.254883       6.112966            nan            nan
       103      19.895633       9.330884            nan            nan
       104      19.559988       9.590456            nan            nan
       105      20.208332       8.948022            nan            nan
       106      16.403620      12.505848            nan            nan
       107      12.038463      16.639945            nan            nan
       108      14.435476      14.304938            nan            nan
