# Cycle: 100, status: ACC, move: ('wf', 9000, 2, 194)
#     Time      Potential        Kinetic
         0      -5.667991      28.340860            nan            nan
         1      -7.379542      29.993161            nan            nan
         2      -2.631970      25.557047            nan            nan
         3      -3.765648      26.694697            nan            nan
         4      -8.817720      31.518569            nan            nan
         5      -2.665487      25.583049            nan            nan
         6       2.659221      20.512411            nan            nan
         7       1.624270      21.404688            nan            nan
         8       2.167151      20.871839            nan            nan
         9       8.171616      15.121074            nan            nan
        10       5.081586      18.068969            nan            nan
        11       1.154111      21.756381            nan            nan
        12       4.808582      18.271903            nan            nan
        13       6.217524      16.892136            nan            nan
        14      -0.767266      23.542494            nan            nan
        15      -0.297584      23.069442            nan            nan
        16       3.273933      19.694641            nan            nan
        17      -0.530723      23.278826            nan            nan
        18      -5.034071      27.560173            nan            nan
        19       0.255981      22.449076            nan            nan
        20       0.136896      22.567521            nan            nan
        21      -2.738451      25.240309            nan            nan
        22       1.397779      21.284154            nan            nan
        23       7.425244      15.514996            nan            nan
        24       4.667961      18.105578            nan            nan
        25       4.311413      18.438680            nan            nan
        26      11.299614      11.787904            nan            nan
        27      10.920159      12.195532            nan            nan
        28       7.376944      15.574290            nan            nan
        29      10.825439      12.354596            nan            nan
        30      14.315731       9.043927            nan            nan
        31       8.260414      14.878170            nan            nan
        32       8.743591      14.407860            nan            nan
        33      12.296639      11.095340            nan            nan
        34       9.505755      13.701827            nan            nan
        35       3.663103      19.281811            nan            nan
        36       8.278891      14.831445            nan            nan
        37       8.636169      14.473017            nan            nan
        38       3.220077      19.559372            nan            nan
        39       3.749765      19.020147            nan            nan
        40       8.060089      14.835043            nan            nan
        41       2.998201      19.609601            nan            nan
        42       0.774758      21.673862            nan            nan
        43       6.588313      16.104455            nan            nan
        44       6.703235      15.975669            nan            nan
        45       2.245795      20.191916            nan            nan
        46       5.899130      16.718283            nan            nan
        47      10.232964      12.595548            nan            nan
        48       6.043361      16.614630            nan            nan
        49       6.517356      16.186209            nan            nan
        50      12.901924      10.146252            nan            nan
        51      11.775208      11.249549            nan            nan
        52       7.984254      14.898243            nan            nan
        53      13.225202       9.934107            nan            nan
        54      14.919513       8.381107            nan            nan
        55       9.947743      13.106910            nan            nan
        56       9.833056      13.247910            nan            nan
        57      14.179670       9.124280            nan            nan
        58       9.997848      13.123445            nan            nan
        59       6.260979      16.681011            nan            nan
        60       9.166614      13.979328            nan            nan
        61       9.815945      13.301516            nan            nan
        62       2.117332      20.656215            nan            nan
        63       3.485690      19.321048            nan            nan
        64       7.971577      15.011777            nan            nan
        65       3.467125      19.295408            nan            nan
        66       1.521451      21.108429            nan            nan
        67       7.503582      15.374190            nan            nan
        68       7.206362      15.654747            nan            nan
        69       3.035209      19.603368            nan            nan
        70       7.285519      15.536777            nan            nan
        71      10.757354      12.271179            nan            nan
        72       6.975183      15.841040            nan            nan
        73       5.705224      17.088245            nan            nan
        74      12.023118      11.093264            nan            nan
        75      10.768229      12.324849            nan            nan
        76       6.825646      16.074879            nan            nan
        77       9.619797      13.460519            nan            nan
        78      11.712289      11.441308            nan            nan
        79       4.966573      17.901516            nan            nan
        80       6.078612      16.824945            nan            nan
        81      10.648916      12.500352            nan            nan
        82       8.056146      14.907478            nan            nan
        83       3.748971      18.979846            nan            nan
        84       8.410392      14.480135            nan            nan
        85       8.745225      14.120661            nan            nan
        86       3.973672      18.640795            nan            nan
        87       6.985968      15.760331            nan            nan
        88      11.900992      11.057661            nan            nan
        89       7.751794      14.989482            nan            nan
        90       6.572976      16.098911            nan            nan
        91      12.782950      10.184078            nan            nan
        92      12.505752      10.467718            nan            nan
        93       8.844105      13.966777            nan            nan
        94      13.400804       9.649521            nan            nan
        95      16.847628       6.389103            nan            nan
        96      12.036576      10.984992            nan            nan
        97      12.411947      10.635757            nan            nan
        98      17.729858       5.584219            nan            nan
        99      14.793353       8.378576            nan            nan
       100      10.391030      12.561886            nan            nan
       101      14.506468       8.638393            nan            nan
       102      14.637365       8.514691            nan            nan
       103       8.276720      14.552695            nan            nan
       104       8.319690      14.515663            nan            nan
       105      11.162621      11.803981            nan            nan
       106       4.857135      17.821970            nan            nan
       107       1.198532      21.306355            nan            nan
       108       5.005463      17.730986            nan            nan
       109       4.735695      17.975307            nan            nan
       110      -0.716200      23.177084            nan            nan
       111       2.424668      20.182727            nan            nan
       112       6.768469      16.018817            nan            nan
       113       2.815924      19.788972            nan            nan
       114       3.884996      18.763886            nan            nan
       115      11.296916      11.707294            nan            nan
       116      11.071695      11.930615            nan            nan
       117       8.099001      14.770210            nan            nan
       118      13.710870       9.433411            nan            nan
       119      16.477275       6.836960            nan            nan
       120      12.185353      10.921583            nan            nan
       121      12.800834      10.356128            nan            nan
       122      17.761986       5.647138            nan            nan
       123      14.158699       9.090038            nan            nan
       124      10.260185      12.807811            nan            nan
       125      13.955982       9.307387            nan            nan
       126      13.122598      10.098510            nan            nan
       127       5.750166      17.103107            nan            nan
       128       5.713235      17.140242            nan            nan
       129       8.806358      14.176963            nan            nan
       130       3.437082      19.296011            nan            nan
       131       1.679289      20.927166            nan            nan
       132       5.951977      16.855073            nan            nan
       133       4.802800      17.887706            nan            nan
       134      -0.477629      22.898836            nan            nan
       135       4.198996      18.414552            nan            nan
       136       7.452835      15.336071            nan            nan
       137       3.726389      18.880638            nan            nan
       138       3.734675      18.922491            nan            nan
       139       9.025570      13.926429            nan            nan
       140       5.662526      17.196636            nan            nan
       141       2.669141      20.082717            nan            nan
       142       6.683464      16.370286            nan            nan
       143       9.831557      13.357678            nan            nan
       144       4.042615      18.937714            nan            nan
       145       7.231940      15.849100            nan            nan
       146      11.949293      11.353877            nan            nan
       147       9.646849      13.470812            nan            nan
       148       7.842232      15.155969            nan            nan
       149      13.998747       9.232576            nan            nan
       150      13.706700       9.472237            nan            nan
       151       8.735415      14.164697            nan            nan
       152      11.390275      11.611185            nan            nan
       153      14.436929       8.687354            nan            nan
       154       8.907069      13.934737            nan            nan
       155       6.935508      15.804596            nan            nan
       156      10.856437      12.087900            nan            nan
       157       7.590408      15.242183            nan            nan
       158       2.531298      20.114925            nan            nan
       159       5.064633      17.796175            nan            nan
       160       5.885531      17.074052            nan            nan
       161      -1.098161      23.784042            nan            nan
       162      -0.291009      23.005641            nan            nan
       163       4.722511      18.241115            nan            nan
       164       3.844966      19.005565            nan            nan
       165       2.405383      20.361546            nan            nan
       166       9.496619      13.541330            nan            nan
       167      10.116940      12.923751            nan            nan
       168       5.979590      16.809746            nan            nan
       169       8.759155      14.152609            nan            nan
       170      12.576069      10.517717            nan            nan
       171       7.161359      15.700210            nan            nan
       172       4.609686      18.172903            nan            nan
       173       7.664841      15.347470            nan            nan
       174       4.454993      18.473149            nan            nan
       175      -2.286194      24.984014            nan            nan
       176       0.339895      22.520228            nan            nan
       177       1.272669      21.668651            nan            nan
       178      -3.097109      25.793716            nan            nan
       179      -1.336256      24.094328            nan            nan
       180       4.694042      18.340542            nan            nan
       181       2.780047      20.149726            nan            nan
       182      -1.111008      23.915395            nan            nan
       183       3.422286      19.629537            nan            nan
       184       1.355107      21.749763            nan            nan
       185      -2.918734      25.840995            nan            nan
       186      -1.965941      25.049476            nan            nan
       187       4.297401      19.015628            nan            nan
       188       0.748145      22.379552            nan            nan
       189       1.386387      21.677732            nan            nan
       190       6.268875      17.016116            nan            nan
       191       3.477420      19.697140            nan            nan
       192      -6.162490      29.037271            nan            nan
       193      -8.698203      31.606956            nan            nan
