# Cycle: 8, status: ACC, move: ('wf', 9000, 1, 63)
#     Time      Potential        Kinetic
         0      -7.665716      32.403900            nan            nan
         1     -10.525836      35.018176            nan            nan
         2      -9.720735      34.135004            nan            nan
         3      -8.211088      32.657045            nan            nan
         4     -11.976894      36.219731            nan            nan
         5     -15.786114      39.873438            nan            nan
         6     -12.515944      36.714854            nan            nan
         7     -11.631588      35.776003            nan            nan
         8     -13.654321      37.545649            nan            nan
         9     -11.133204      34.996008            nan            nan
        10      -6.907979      30.884288            nan            nan
        11      -7.914755      31.795319            nan            nan
        12      -8.407946      32.270281            nan            nan
        13      -4.449305      28.522329            nan            nan
        14      -4.394871      28.516419            nan            nan
        15      -6.038344      30.116586            nan            nan
        16      -3.165321      27.439165            nan            nan
        17      -0.282821      24.707789            nan            nan
        18      -3.510144      27.812785            nan            nan
        19      -2.750544      27.078922            nan            nan
        20       1.278366      23.278208            nan            nan
        21       1.586202      22.984998            nan            nan
        22      -0.247568      24.760858            nan            nan
        23       3.012220      21.632350            nan            nan
        24       2.378772      22.252827            nan            nan
        25      -0.318652      24.763370            nan            nan
        26       0.454175      24.034454            nan            nan
        27       4.252649      20.367172            nan            nan
        28       1.248832      23.233836            nan            nan
        29       0.064456      24.313012            nan            nan
        30       1.884820      22.585368            nan            nan
        31       1.033306      23.373039            nan            nan
        32      -2.257883      26.502487            nan            nan
        33       0.010035      24.324936            nan            nan
        34       1.432723      22.976212            nan            nan
        35      -1.519939      25.763323            nan            nan
        36      -2.033829      26.233137            nan            nan
        37       0.519130      23.812010            nan            nan
        38      -0.212713      24.483266            nan            nan
        39      -2.416462      26.591671            nan            nan
        40       0.629428      23.677097            nan            nan
        41       1.209371      23.129281            nan            nan
        42      -1.461072      25.624978            nan            nan
        43      -1.590592      25.752702            nan            nan
        44       1.489120      22.784497            nan            nan
        45      -0.468692      24.648865            nan            nan
        46      -1.447915      25.559527            nan            nan
        47       1.119132      23.110326            nan            nan
        48       1.451936      22.748006            nan            nan
        49      -1.863937      25.886460            nan            nan
        50      -0.020109      24.095279            nan            nan
        51       2.558196      21.633253            nan            nan
        52       0.862967      23.250674            nan            nan
        53       0.921148      23.192005            nan            nan
        54       3.952186      20.319815            nan            nan
        55       3.574594      20.684721            nan            nan
        56       1.741486      22.449076            nan            nan
        57       4.956198      19.409069            nan            nan
        58       7.165442      17.346994            nan            nan
        59       5.765798      18.694254            nan            nan
        60       6.357544      18.170938            nan            nan
        61       9.549545      15.144893            nan            nan
        62       8.137757      16.512024            nan            nan
