# Cycle: 72, status: ACC, move: ('sh', 0.27086173048637907, 7, 16)
#     Time      Potential        Kinetic
         0     -16.207196      33.354596            nan            nan
         1      -6.686953      24.201403            nan            nan
         2      -5.842298      23.318819            nan            nan
         3      -6.737753      24.148145            nan            nan
         4      -0.105539      17.872989            nan            nan
         5       3.472136      14.461184            nan            nan
         6      -3.042690      20.765508            nan            nan
         7      -1.222404      19.094007            nan            nan
         8       5.033357      13.224704            nan            nan
         9       1.918351      16.298256            nan            nan
        10      -1.629038      19.792503            nan            nan
        11       1.808492      16.682452            nan            nan
        12      -4.971613      23.450862            nan            nan
        13      -9.682059      27.857443            nan            nan
        14      -8.819060      27.109401            nan            nan
        15      -2.736451      21.280087            nan            nan
        16      -4.106094      22.449076            nan            nan
        17      -6.264660      24.405044            nan            nan
        18      -3.059150      21.278000            nan            nan
        19      -3.091809      21.107758            nan            nan
        20      -9.119796      26.831351            nan            nan
        21      -4.279178      22.160475            nan            nan
        22      -1.435631      19.379734            nan            nan
        23      -6.343282      23.942652            nan            nan
        24      -7.752975      25.220351            nan            nan
        25      -6.550970      24.092466            nan            nan
        26     -13.464191      30.832798            nan            nan
        27     -16.444442      33.745301            nan            nan
        28     -12.112825      29.646871            nan            nan
        29     -13.012088      30.529564            nan            nan
        30     -15.487659      32.788588            nan            nan
        31     -16.530670      33.878101            nan            nan
        32     -14.558455      32.032436            nan            nan
        33     -17.306549      34.855892            nan            nan
        34     -10.536526      28.375431            nan            nan
        35      -7.173062      25.175150            nan            nan
        36      -7.266663      25.093262            nan            nan
        37     -10.219224      27.879077            nan            nan
        38      -7.322260      24.949016            nan            nan
