# Cycle: 72, status: ACC, move: ('sh', 0.27086173048637907, 7, 16)
#     Time       Orderp
         0     0.300430
         1     0.299445
         2     0.299182
         3     0.298421
         4     0.297945
         5     0.297254
         6     0.296415
         7     0.294392
         8     0.293112
         9     0.289832
        10     0.286505
        11     0.283288
        12     0.279812
        13     0.275920
        14     0.273958
        15     0.271630
        16     0.270862
        17     0.270350
        18     0.270003
        19     0.269716
        20     0.268809
        21     0.268008
        22     0.268286
        23     0.268295
        24     0.270786
        25     0.272989
        26     0.276315
        27     0.280093
        28     0.282715
        29     0.285118
        30     0.287719
        31     0.288915
        32     0.291407
        33     0.293218
        34     0.294460
        35     0.296735
        36     0.298354
        37     0.299001
        38     0.300328
