# Cycle: 64, status: ACC, move: None
#     Time      Potential        Kinetic
         0      -0.323211      25.922749            nan            nan
         1      -9.076512      34.442240            nan            nan
         2      -5.652617      31.343838            nan            nan
         3      -0.986638      26.862378            nan            nan
         4      -3.736542      29.204221            nan            nan
         5      -4.084639      29.524714            nan            nan
         6       2.386403      23.453504            nan            nan
         7      -4.106094      29.788714            nan            nan
         8      -5.616691      31.106455            nan            nan
         9       4.828053      20.956407            nan            nan
        10       9.306393      16.400240            nan            nan
        11      -2.990103      28.186237            nan            nan
        12       1.552421      23.806367            nan            nan
        13       7.881878      17.662530            nan            nan
        14      -0.211792      25.276189            nan            nan
        15      -5.184415      30.126007            nan            nan
        16       1.844108      23.488896            nan            nan
        17      -4.773698      29.877751            nan            nan
        18      -9.429632      34.144094            nan            nan
        19      -0.744208      25.677929            nan            nan
        20       2.562610      22.449076            nan            nan
