# Cycle: 6, status: ACC, move: ('wf', 9000, 2, 28)
#     Time      Potential        Kinetic
         0      -9.236454      35.564580            nan            nan
         1     -11.511411      37.648476            nan            nan
         2      -6.315891      32.662418            nan            nan
         3      -1.710613      28.206493            nan            nan
         4      -6.103236      32.345912            nan            nan
         5      -5.191055      31.433156            nan            nan
         6       1.067191      25.439423            nan            nan
         7      -0.761929      27.174769            nan            nan
         8      -3.023364      29.304221            nan            nan
         9       1.373872      25.140728            nan            nan
        10       3.111672      23.429885            nan            nan
        11      -3.025569      29.290541            nan            nan
        12      -0.336441      26.682459            nan            nan
        13       4.087150      22.466416            nan            nan
        14       0.750607      25.601302            nan            nan
        15      -1.831282      28.062630            nan            nan
        16       3.991965      22.449076            nan            nan
        17       1.761504      24.594042            nan            nan
        18      -2.602724      28.688157            nan            nan
        19      -0.012439      26.236742            nan            nan
        20       3.541565      22.819389            nan            nan
        21      -1.942638      28.039782            nan            nan
        22      -2.183023      28.223032            nan            nan
        23       2.103909      24.145175            nan            nan
        24       0.026621      26.082493            nan            nan
        25      -4.135381      30.042939            nan            nan
        26       0.734540      25.396687            nan            nan
        27       2.787523      23.434045            nan            nan
