# Cycle: 53, status: ACC, move: ('wf', 9000, 2, 29)
#     Time      Potential        Kinetic
         0     -17.939621      40.334290            nan            nan
         1     -16.882195      39.280470            nan            nan
         2     -16.405909      38.755123            nan            nan
         3     -14.459694      36.844799            nan            nan
         4     -12.801269      35.261136            nan            nan
         5     -11.649279      34.118903            nan            nan
         6     -10.670970      33.220259            nan            nan
         7      -7.171364      29.874770            nan            nan
         8      -6.722878      29.484528            nan            nan
         9      -5.375924      28.155903            nan            nan
        10      -4.406458      27.280619            nan            nan
        11      -1.642682      24.573847            nan            nan
        12      -2.802373      25.722950            nan            nan
        13       0.028996      22.945397            nan            nan
        14       0.679470      22.343741            nan            nan
        15       1.313558      21.635195            nan            nan
        16      -0.249105      23.114435            nan            nan
        17       1.689823      21.157076            nan            nan
        18       0.416316      22.359147            nan            nan
        19       0.221107      22.464557            nan            nan
        20       0.220779      22.449076            nan            nan
        21       0.590984      22.033943            nan            nan
        22      -1.670311      24.171928            nan            nan
        23      -1.867743      24.318234            nan            nan
        24      -1.367051      23.844084            nan            nan
        25      -1.947701      24.407515            nan            nan
        26      -2.052314      24.520370            nan            nan
        27      -1.126745      23.666780            nan            nan
        28      -0.855397      23.415309            nan            nan
