# Cycle: 87, status: ACC, move: ('wf', 9000, 1, 265)
#     Time      Potential        Kinetic
         0       8.645352      19.372326            nan            nan
         1      11.270485      16.809071            nan            nan
         2       8.397769      19.673428            nan            nan
         3       6.376602      21.668855            nan            nan
         4       1.118439      26.918832            nan            nan
         5      -0.993268      28.971072            nan            nan
         6      -6.656584      34.522870            nan            nan
         7      -3.444879      31.267375            nan            nan
         8      -3.718760      31.516861            nan            nan
         9      -1.799862      29.493242            nan            nan
        10      -4.964523      32.537042            nan            nan
        11      -3.886820      31.413578            nan            nan
        12      -6.267999      33.712072            nan            nan
        13      -4.753021      32.136373            nan            nan
        14      -3.776803      31.176098            nan            nan
        15      -0.154280      27.601523            nan            nan
        16       0.889234      26.534148            nan            nan
        17       2.228978      25.233518            nan            nan
        18       5.406420      22.156688            nan            nan
        19       5.276171      22.348591            nan            nan
        20       6.527158      21.163064            nan            nan
        21       7.666665      20.165669            nan            nan
        22       8.885902      19.050518            nan            nan
        23       6.586264      21.375866            nan            nan
        24       8.599545      19.436538            nan            nan
        25       5.280742      22.840760            nan            nan
        26       6.840945      21.278789            nan            nan
        27       0.936368      27.160399            nan            nan
        28       4.753493      23.392486            nan            nan
        29      -1.039552      29.164469            nan            nan
        30       2.481722      25.565476            nan            nan
        31      -0.480284      28.467001            nan            nan
        32       3.711731      24.221706            nan            nan
        33       1.890940      25.907394            nan            nan
        34       5.163030      22.552946            nan            nan
        35       5.821214      21.848534            nan            nan
        36       7.175224      20.410361            nan            nan
        37       5.932660      21.535209            nan            nan
        38       6.673446      20.753176            nan            nan
        39       5.923906      21.477461            nan            nan
        40       4.737394      22.633882            nan            nan
        41       4.345547      23.079872            nan            nan
        42       3.793824      23.710006            nan            nan
        43       2.577986      24.952242            nan            nan
        44      -0.178724      27.728479            nan            nan
        45       2.140840      25.503267            nan            nan
        46       0.936638      26.789547            nan            nan
        47       3.926626      23.871908            nan            nan
        48       5.239325      22.692211            nan            nan
        49       9.372777      18.649406            nan            nan
        50       8.386306      19.621550            nan            nan
        51      10.744964      17.263221            nan            nan
        52      11.494257      16.549529            nan            nan
        53      12.307033      15.705084            nan            nan
        54      10.348900      17.597275            nan            nan
        55      12.272126      15.666987            nan            nan
        56       9.940420      17.938092            nan            nan
        57       9.156438      18.594559            nan            nan
        58       7.634830      20.050891            nan            nan
        59       7.926488      19.738990            nan            nan
        60       5.978623      21.595004            nan            nan
        61       5.237925      22.267794            nan            nan
        62       5.275741      22.261439            nan            nan
        63       5.699878      21.848457            nan            nan
        64       5.048066      22.477229            nan            nan
        65       5.134968      22.455114            nan            nan
        66       7.731298      19.954546            nan            nan
        67       5.847543      21.852523            nan            nan
        68       7.525748      20.229857            nan            nan
        69       8.629492      19.269531            nan            nan
        70      10.922619      17.062338            nan            nan
        71       9.148309      18.853547            nan            nan
        72      12.481751      15.596326            nan            nan
        73      11.015018      17.096968            nan            nan
        74      11.115038      16.937792            nan            nan
        75       8.636974      19.387984            nan            nan
        76      10.260701      17.803556            nan            nan
        77       5.769253      22.200467            nan            nan
        78       4.510400      23.319907            nan            nan
        79       1.843048      25.918291            nan            nan
        80       2.235853      25.444684            nan            nan
        81      -0.201212      27.745555            nan            nan
        82       0.800240      26.683935            nan            nan
        83       1.771934      25.704296            nan            nan
        84       1.355662      26.026619            nan            nan
        85       0.510214      26.795935            nan            nan
        86       2.508782      24.849399            nan            nan
        87       2.488487      24.920803            nan            nan
        88       2.492848      24.924281            nan            nan
        89       3.653891      23.850616            nan            nan
        90       4.272686      23.357968            nan            nan
        91       5.153671      22.538763            nan            nan
        92       5.206045      22.588590            nan            nan
        93       7.452489      20.532259            nan            nan
        94       7.187428      20.891845            nan            nan
        95       7.049424      21.034060            nan            nan
        96       6.061056      22.077939            nan            nan
        97       8.105842      20.092149            nan            nan
        98       7.135871      21.039300            nan            nan
        99       9.313750      18.856851            nan            nan
       100       9.082735      19.097702            nan            nan
       101      10.735628      17.340670            nan            nan
       102       7.122134      20.794976            nan            nan
       103       9.365780      18.492106            nan            nan
       104       7.294836      20.494267            nan            nan
       105       7.184589      20.470166            nan            nan
       106       5.246018      22.326666            nan            nan
       107       5.410352      22.128591            nan            nan
       108       3.733592      23.706411            nan            nan
       109       2.549718      24.821719            nan            nan
       110       2.824561      24.593809            nan            nan
       111       4.057523      23.395686            nan            nan
       112       2.982963      24.445940            nan            nan
       113       3.676609      23.822502            nan            nan
       114       6.351183      21.278032            nan            nan
       115       5.640964      22.038957            nan            nan
       116       6.618249      21.127136            nan            nan
       117       7.236445      20.632974            nan            nan
       118       8.709641      19.232018            nan            nan
       119       6.654634      21.283411            nan            nan
       120       8.890425      19.121253            nan            nan
       121       9.801629      18.285501            nan            nan
       122      10.501030      17.534854            nan            nan
       123       9.951605      18.019214            nan            nan
       124      12.639760      15.320311            nan            nan
       125      11.626885      16.248977            nan            nan
       126      11.561261      16.189355            nan            nan
       127      11.032493      16.688103            nan            nan
       128      11.484582      16.204795            nan            nan
       129       8.571078      18.990418            nan            nan
       130       6.725012      20.745187            nan            nan
       131       5.090021      22.386833            nan            nan
       132       3.932081      23.509682            nan            nan
       133       1.761116      25.671381            nan            nan
       134       1.727992      25.781227            nan            nan
       135       4.428183      23.168093            nan            nan
       136       2.895886      24.715984            nan            nan
       137       5.732844      21.953558            nan            nan
       138       7.943266      19.878580            nan            nan
       139       9.835309      18.054970            nan            nan
       140       9.659171      18.279028            nan            nan
       141      13.566347      14.485532            nan            nan
       142      12.807557      15.323406            nan            nan
       143      14.607422      13.512572            nan            nan
       144      13.460479      14.666659            nan            nan
       145      14.923212      13.218612            nan            nan
       146      12.927956      15.128437            nan            nan
       147      12.801715      15.150124            nan            nan
       148      11.366278      16.559381            nan            nan
       149      13.038189      14.818738            nan            nan
       150       9.929929      17.778891            nan            nan
       151       9.958269      17.652443            nan            nan
       152       9.292544      18.253078            nan            nan
       153       7.462816      19.948898            nan            nan
       154       5.147346      22.189157            nan            nan
       155       5.479288      21.875540            nan            nan
       156       3.968082      23.389612            nan            nan
       157       0.705851      26.581285            nan            nan
       158       1.906369      25.441295            nan            nan
       159      -0.396666      27.815416            nan            nan
       160       1.356598      26.092860            nan            nan
       161      -0.877716      28.397208            nan            nan
       162       3.294218      24.398853            nan            nan
       163       1.809123      25.968912            nan            nan
       164       4.876490      22.943015            nan            nan
       165       2.927036      25.025347            nan            nan
       166      10.595924      17.501274            nan            nan
       167       7.248252      20.880691            nan            nan
       168      12.283488      15.909511            nan            nan
       169      13.576808      14.727771            nan            nan
       170      15.596548      12.690311            nan            nan
       171      13.413961      14.788508            nan            nan
       172      16.383166      11.831520            nan            nan
       173      14.780233      13.409180            nan            nan
       174      13.725843      14.309188            nan            nan
       175      11.047357      16.866278            nan            nan
       176      10.131007      17.724153            nan            nan
       177       7.291046      20.401328            nan            nan
       178       3.847679      23.677564            nan            nan
       179       2.124997      25.362868            nan            nan
       180       2.475702      24.976389            nan            nan
       181      -1.422787      28.751309            nan            nan
       182      -2.051791      29.357124            nan            nan
       183      -0.117829      27.499505            nan            nan
       184      -1.858802      29.250497            nan            nan
       185      -0.699797      28.117382            nan            nan
       186       1.593076      25.967201            nan            nan
       187       3.731010      23.952744            nan            nan
       188       4.833282      22.890349            nan            nan
       189       7.560666      20.264312            nan            nan
       190       9.470781      18.506093            nan            nan
       191      12.096922      15.925816            nan            nan
       192      10.464245      17.553846            nan            nan
       193      12.868287      15.210734            nan            nan
       194      11.662858      16.412793            nan            nan
       195      10.917192      17.070466            nan            nan
       196       8.862180      19.098446            nan            nan
       197      11.140072      16.818908            nan            nan
       198       7.288442      20.566995            nan            nan
       199       7.875105      19.864377            nan            nan
       200       6.494825      21.201918            nan            nan
       201       7.014530      20.614102            nan            nan
       202       4.898778      22.642166            nan            nan
       203       6.380779      21.174898            nan            nan
       204       6.444718      21.140621            nan            nan
       205       5.003614      22.526796            nan            nan
       206       5.060183      22.449076            nan            nan
       207       4.126542      23.451575            nan            nan
       208       5.539185      22.079709            nan            nan
       209       2.924986      24.724110            nan            nan
       210       6.217302      21.554704            nan            nan
       211       4.541439      23.329255            nan            nan
       212       6.796595      21.084310            nan            nan
       213       4.606804      23.335607            nan            nan
       214       9.263630      18.796455            nan            nan
       215       6.879816      21.195929            nan            nan
       216       9.114961      18.936875            nan            nan
       217       7.322955      20.762394            nan            nan
       218      10.359348      17.712660            nan            nan
       219       6.258091      21.701327            nan            nan
       220       8.155072      19.754436            nan            nan
       221       6.656430      21.219172            nan            nan
       222       6.678423      21.054957            nan            nan
       223       3.230842      24.352605            nan            nan
       224       5.072026      22.477120            nan            nan
       225       3.440025      24.031369            nan            nan
       226       2.384376      24.960930            nan            nan
       227       1.596125      25.717881            nan            nan
       228       2.982162      24.354378            nan            nan
       229       1.460580      25.815311            nan            nan
       230       1.237846      26.043311            nan            nan
       231       3.927887      23.473127            nan            nan
       232       4.173836      23.310017            nan            nan
       233       5.488129      22.059113            nan            nan
       234       6.823662      20.884050            nan            nan
       235      10.151035      17.696266            nan            nan
       236       8.501893      19.391644            nan            nan
       237      11.384136      16.623754            nan            nan
       238      11.991337      16.185274            nan            nan
       239      13.924961      14.320690            nan            nan
       240      10.461595      17.806791            nan            nan
       241      13.573398      14.751476            nan            nan
       242       9.325330      18.968707            nan            nan
       243      10.614791      17.584577            nan            nan
       244       8.054181      20.122713            nan            nan
       245      12.603504      15.571178            nan            nan
       246       9.448497      18.593724            nan            nan
       247      10.600841      17.299620            nan            nan
       248       9.636538      18.155462            nan            nan
       249       9.317809      18.334573            nan            nan
       250       7.458863      20.048012            nan            nan
       251       8.200597      19.266497            nan            nan
       252       8.112131      19.314878            nan            nan
       253       6.575191      20.745578            nan            nan
       254       5.843401      21.415505            nan            nan
       255       5.715773      21.571514            nan            nan
       256       5.911163      21.396570            nan            nan
       257       4.563506      22.791067            nan            nan
       258       6.788271      20.708863            nan            nan
       259       6.188234      21.415226            nan            nan
       260       6.233711      21.389465            nan            nan
       261       5.363739      22.328145            nan            nan
       262       8.147444      19.678886            nan            nan
       263       7.577914      20.320376            nan            nan
       264      10.246685      17.727514            nan            nan
