# Cycle: 20, status: ACC, move: ('wf', 9000, 2, 32)
#     Time      Potential        Kinetic
         0     -14.396705      41.721455            nan            nan
         1     -10.255193      37.661335            nan            nan
         2      -4.940109      32.429583            nan            nan
         3     -10.512754      37.757135            nan            nan
         4     -11.307225      38.460346            nan            nan
         5      -7.691497      34.983450            nan            nan
         6      -7.274611      34.555594            nan            nan
         7      -8.039416      35.272331            nan            nan
         8      -2.134833      29.588626            nan            nan
         9       1.400691      26.160023            nan            nan
        10      -0.593454      27.988904            nan            nan
        11       1.523205      25.958230            nan            nan
        12       7.479013      20.250053            nan            nan
        13       5.543164      22.132367            nan            nan
        14       4.187638      23.419443            nan            nan
        15       7.053074      20.776024            nan            nan
        16       9.480862      18.454304            nan            nan
        17       4.645024      23.167482            nan            nan
        18       5.320544      22.564863            nan            nan
        19       8.614088      19.417003            nan            nan
        20       3.388085      24.469559            nan            nan
        21       1.707965      26.027113            nan            nan
        22       6.997385      20.925963            nan            nan
        23       7.581774      20.375970            nan            nan
        24       5.297181      22.449076            nan            nan
        25       6.763249      20.968536            nan            nan
        26       8.567241      19.216185            nan            nan
        27       5.356333      22.213899            nan            nan
        28       3.735763      23.722689            nan            nan
        29       7.647651      19.987886            nan            nan
        30       6.755216      20.816157            nan            nan
        31       2.207977      25.131085            nan            nan
