# Cycle: 20, status: ACC, move: ('wf', 9000, 2, 32)
#     Time       Orderp
         0     0.291531
         1     0.301938
         2     0.311500
         3     0.320355
         4     0.328366
         5     0.336420
         6     0.343381
         7     0.350924
         8     0.357377
         9     0.364627
        10     0.371216
        11     0.378525
        12     0.385364
        13     0.393226
        14     0.400290
        15     0.408053
        16     0.415782
        17     0.423159
        18     0.429970
        19     0.437812
        20     0.442919
        21     0.449176
        22     0.454546
        23     0.458871
        24     0.463780
        25     0.468688
        26     0.473132
        27     0.478311
        28     0.483727
        29     0.488859
        30     0.495005
        31     0.500696
