# Cycle: 66, status: ACC, move: ('sh', 0.3198861531340632, 7, 17)
#     Time      Potential        Kinetic
         0     -14.796373      27.322830            nan            nan
         1      -6.940936      19.702225            nan            nan
         2      -5.842927      18.536253            nan            nan
         3     -11.445576      23.769186            nan            nan
         4      -8.180819      20.610483            nan            nan
         5      -3.027782      15.657759            nan            nan
         6      -9.330374      21.661389            nan            nan
         7     -10.923152      23.198370            nan            nan
         8      -4.778133      17.430299            nan            nan
         9      -5.487723      18.111952            nan            nan
        10     -13.361342      25.671121            nan            nan
        11      -8.968905      21.487875            nan            nan
        12      -4.658351      17.412878            nan            nan
        13      -8.724965      21.300488            nan            nan
        14      -7.392664      20.115010            nan            nan
        15       0.721415      12.402014            nan            nan
        16      -4.115543      17.070207            nan            nan
        17      -9.761930      22.449076            nan            nan
        18      -6.656608      19.612554            nan            nan
        19      -3.653625      16.729423            nan            nan
        20     -11.715235      24.491541            nan            nan
        21      -9.704362      22.551239            nan            nan
        22      -5.250044      18.294142            nan            nan
        23     -11.416642      24.126661            nan            nan
        24     -16.642926      29.120265            nan            nan
