# Cycle: 52, status: ACC, move: ('sh', 0.30402194757957, 3, 1)
#     Time      Potential        Kinetic
         0      -0.744208      25.677929            nan            nan
         1       2.562610      22.449076            nan            nan
         2      -6.965555      31.570126            nan            nan
         3      -6.418939      31.189008            nan            nan
         4      -0.102826      25.294250            nan            nan
         5      -6.522612      31.433301            nan            nan
         6      -9.916265      34.615142            nan            nan
         7      -4.047324      29.122523            nan            nan
         8      -1.442097      26.522752            nan            nan
         9      -9.746449      34.537975            nan            nan
        10      -3.170780      28.310455            nan            nan
        11       4.780799      20.718900            nan            nan
        12      -1.115059      26.285799            nan            nan
        13      -1.146599      26.236007            nan            nan
        14       9.446654      16.109230            nan            nan
        15       9.670552      15.851724            nan            nan
        16       4.133583      21.148153            nan            nan
        17      10.285053      15.358554            nan            nan
        18      13.239433      12.549640            nan            nan
        19       2.220584      23.101257            nan            nan
        20       3.143701      22.237422            nan            nan
        21      11.476801      14.380346            nan            nan
        22       9.050928      16.644754            nan            nan
        23       3.549915      21.868915            nan            nan
        24      10.269843      15.428949            nan            nan
        25      11.793581      13.881882            nan            nan
        26       3.750135      21.502720            nan            nan
        27       7.740800      17.674998            nan            nan
        28      14.226169      11.458618            nan            nan
        29       6.504094      18.755784            nan            nan
        30       1.360104      23.633022            nan            nan
        31       8.401775      16.859747            nan            nan
        32       5.266289      19.845344            nan            nan
        33      -1.965911      26.689776            nan            nan
        34       2.493082      22.452844            nan            nan
        35       6.644534      18.454195            nan            nan
        36      -2.819824      27.462182            nan            nan
        37      -4.630696      29.175920            nan            nan
        38       1.854843      23.027407            nan            nan
        39      -3.138873      27.838422            nan            nan
        40      -9.449559      33.923640            nan            nan
        41      -2.007667      26.903313            nan            nan
        42       0.838701      24.241951            nan            nan
        43      -6.933715      31.682542            nan            nan
        44      -2.574230      27.509940            nan            nan
        45       4.765574      20.623467            nan            nan
        46      -0.027350      25.241838            nan            nan
        47      -2.663881      27.846286            nan            nan
        48       3.907385      21.784407            nan            nan
        49       4.028824      21.721505            nan            nan
        50      -5.106142      30.596634            nan            nan
        51      -0.177962      26.023661            nan            nan
