# Cycle: 52, status: ACC, move: ('sh', 0.30402194757957, 3, 1)
#     Time       Orderp
         0     0.298163
         1     0.304022
         2     0.309614
         3     0.314607
         4     0.318227
         5     0.321789
         6     0.325010
         7     0.328827
         8     0.331088
         9     0.335749
        10     0.338780
        11     0.342062
        12     0.345166
        13     0.348287
        14     0.349481
        15     0.352975
        16     0.353578
        17     0.356050
        18     0.357616
        19     0.359507
        20     0.360851
        21     0.363379
        22     0.363993
        23     0.366200
        24     0.366558
        25     0.368007
        26     0.367938
        27     0.368152
        28     0.367623
        29     0.366816
        30     0.364820
        31     0.363584
        32     0.360904
        33     0.358701
        34     0.356301
        35     0.353865
        36     0.351575
        37     0.349407
        38     0.347247
        39     0.345588
        40     0.343248
        41     0.341367
        42     0.339300
        43     0.336537
        44     0.333359
        45     0.330757
        46     0.325920
        47     0.321530
        48     0.316875
        49     0.309910
        50     0.304500
        51     0.297002
