# Cycle: 15, status: ACC, move: ('wf', 9000, 2, 183)
#     Time      Potential        Kinetic
         0     -18.039479      47.567836            nan            nan
         1     -10.215064      40.073881            nan            nan
         2      -9.602316      39.512441            nan            nan
         3      -7.708461      37.385815            nan            nan
         4      -2.358753      32.231616            nan            nan
         5       6.045779      24.137356            nan            nan
         6      -3.542824      33.493463            nan            nan
         7      -4.367279      34.238922            nan            nan
         8      -2.558221      32.761086            nan            nan
         9      -0.840372      31.013691            nan            nan
        10      -5.113752      35.071001            nan            nan
        11       5.379659      24.772519            nan            nan
        12       7.441434      22.892970            nan            nan
        13       6.355950      23.735039            nan            nan
        14       3.395162      26.707099            nan            nan
        15       8.667420      21.701752            nan            nan
        16      -0.076608      30.251960            nan            nan
        17      -5.441436      35.328774            nan            nan
        18      -4.780065      34.886398            nan            nan
        19       1.955650      28.295536            nan            nan
        20      -3.824002      33.825496            nan            nan
        21       2.012424      28.050542            nan            nan
        22       7.336130      22.889722            nan            nan
        23       3.970520      25.955607            nan            nan
        24       2.509782      27.266059            nan            nan
        25      11.012669      19.122402            nan            nan
        26      12.739435      17.419598            nan            nan
        27       7.025489      22.843074            nan            nan
        28      10.672583      19.301383            nan            nan
        29      11.990544      18.070425            nan            nan
        30       5.404131      24.336732            nan            nan
        31       4.016052      25.739010            nan            nan
        32       9.716993      20.393281            nan            nan
        33       6.592611      23.362586            nan            nan
        34       0.129685      29.516524            nan            nan
        35       2.548501      27.263593            nan            nan
        36       8.006486      21.894253            nan            nan
        37       0.081642      29.501798            nan            nan
        38       2.045017      27.575766            nan            nan
        39      10.502715      19.429019            nan            nan
        40       6.132849      23.620763            nan            nan
        41       2.425824      27.112574            nan            nan
        42       9.292465      20.542252            nan            nan
        43      10.885381      19.083004            nan            nan
        44       5.176108      24.521280            nan            nan
        45       6.763701      23.045579            nan            nan
        46      13.235810      16.919150            nan            nan
        47       8.251494      21.731275            nan            nan
        48       4.610175      25.210519            nan            nan
        49      11.953510      18.227985            nan            nan
        50      12.758570      17.544966            nan            nan
        51       8.302901      21.768661            nan            nan
        52      10.845010      19.381865            nan            nan
        53      13.017165      17.415185            nan            nan
        54       5.941537      24.181735            nan            nan
        55       2.003890      28.020833            nan            nan
        56       6.565855      23.817802            nan            nan
        57       5.955381      24.397852            nan            nan
        58      -0.040689      30.089235            nan            nan
        59       4.242979      25.893235            nan            nan
        60       6.710148      23.437632            nan            nan
        61       2.435338      27.370605            nan            nan
        62       3.897021      25.947507            nan            nan
        63      11.813317      18.312892            nan            nan
        64       7.088652      22.805861            nan            nan
        65       2.508338      27.091841            nan            nan
        66       5.275931      24.463071            nan            nan
        67       3.330237      26.358270            nan            nan
        68      -3.085481      32.555617            nan            nan
        69       1.007946      28.711573            nan            nan
        70       4.110374      25.828762            nan            nan
        71      -1.116973      30.759167            nan            nan
        72      -1.462095      31.006834            nan            nan
        73       4.376039      25.440024            nan            nan
        74       3.911861      25.852213            nan            nan
        75       1.578169      28.135887            nan            nan
        76       9.258758      20.825587            nan            nan
        77       8.465769      21.688485            nan            nan
        78       3.557385      26.295030            nan            nan
        79       3.765249      26.186093            nan            nan
        80       8.717919      21.493169            nan            nan
        81       2.949365      27.103727            nan            nan
        82       3.537509      26.486597            nan            nan
        83       5.286825      24.997293            nan            nan
        84       7.408906      22.784695            nan            nan
        85      -0.540489      30.401433            nan            nan
        86       5.409051      24.578854            nan            nan
        87       7.473910      22.660815            nan            nan
        88       5.276836      24.604475            nan            nan
        89       3.455296      26.354496            nan            nan
        90       9.686191      20.343273            nan            nan
        91       7.917086      21.995162            nan            nan
        92       4.760218      24.919478            nan            nan
        93       7.803940      22.066857            nan            nan
        94      12.558450      17.444891            nan            nan
        95       6.265173      23.488704            nan            nan
        96       7.413267      22.378388            nan            nan
        97      13.219645      16.886400            nan            nan
        98      10.591851      19.433562            nan            nan
        99       6.522737      23.352816            nan            nan
       100       8.522099      21.568967            nan            nan
       101       9.314759      20.840688            nan            nan
       102       0.855266      29.064055            nan            nan
       103       2.936652      27.112267            nan            nan
       104       7.898552      22.438188            nan            nan
       105       5.955003      24.160719            nan            nan
       106       1.299346      28.624052            nan            nan
       107      10.639024      19.485891            nan            nan
       108       8.777531      21.302073            nan            nan
       109       6.205980      23.600524            nan            nan
       110       8.227841      21.711706            nan            nan
       111      13.275687      16.814143            nan            nan
       112       5.693674      24.064843            nan            nan
       113       4.595568      25.053850            nan            nan
       114       8.122454      21.808040            nan            nan
       115       6.802535      23.014239            nan            nan
       116      -1.828223      31.343173            nan            nan
       117       0.020073      29.658542            nan            nan
       118       2.572510      27.233247            nan            nan
       119      -4.366097      33.917292            nan            nan
       120      -3.377378      32.995399            nan            nan
       121       5.640790      24.335375            nan            nan
       122       3.714670      26.122909            nan            nan
       123       1.085031      28.588206            nan            nan
       124       8.453962      21.540008            nan            nan
       125      11.361151      18.772446            nan            nan
       126       5.894955      24.003946            nan            nan
       127       7.301673      22.750782            nan            nan
       128      14.439326      15.942235            nan            nan
       129       7.680073      22.503584            nan            nan
       130       5.332013      24.713776            nan            nan
       131       9.916914      20.423695            nan            nan
       132       9.807487      20.511735            nan            nan
       133       1.564178      28.415843            nan            nan
       134       5.106389      24.993474            nan            nan
       135       8.416340      21.896250            nan            nan
       136       3.578692      26.425835            nan            nan
       137      -0.064535      29.878786            nan            nan
       138       6.590959      23.444006            nan            nan
       139       4.827240      25.089132            nan            nan
       140       0.115370      29.471184            nan            nan
       141       4.176499      25.586482            nan            nan
       142       9.846815      20.110815            nan            nan
       143       3.754578      25.899952            nan            nan
       144       2.416338      27.156019            nan            nan
       145       8.638947      21.222632            nan            nan
       146       3.647118      26.103978            nan            nan
       147      -1.300835      30.868272            nan            nan
       148       2.514531      27.397234            nan            nan
       149       4.267706      25.829513            nan            nan
       150      -4.534798      34.362977            nan            nan
       151      -1.579917      31.472811            nan            nan
       152       0.639455      29.508327            nan            nan
       153      -0.030636      30.015102            nan            nan
       154      -3.063552      33.003151            nan            nan
       155       9.094806      21.229222            nan            nan
       156       7.844394      22.449076            nan            nan
       157       6.493025      23.499102            nan            nan
       158      10.628867      19.498870            nan            nan
       159      14.756696      15.466641            nan            nan
       160       8.429335      21.485684            nan            nan
       161       8.110630      21.810074            nan            nan
       162       8.866787      21.275539            nan            nan
       163       4.964748      24.943944            nan            nan
       164      -3.727009      33.326578            nan            nan
       165      -0.439329      30.195477            nan            nan
       166       3.351315      26.463369            nan            nan
       167      -1.803306      31.361008            nan            nan
       168       1.041252      28.584663            nan            nan
       169       6.890566      22.937012            nan            nan
       170       2.326349      27.319392            nan            nan
       171      -1.518465      31.007551            nan            nan
       172       3.750761      26.051216            nan            nan
       173      -0.559534      30.457708            nan            nan
       174      -5.636721      35.373277            nan            nan
       175      -6.605582      36.489269            nan            nan
       176      -3.393532      33.510102            nan            nan
       177      -5.615075      35.576834            nan            nan
       178      -3.510033      33.404591            nan            nan
       179       0.678187      29.572885            nan            nan
       180       3.330340      26.941958            nan            nan
       181      -6.806488      36.826447            nan            nan
       182      -5.607777      35.802549            nan            nan
