# Cycle: 15, status: ACC, move: ('wf', 9000, 2, 183)
#     Time       Orderp
         0     0.294160
         1     0.300015
         2     0.304786
         3     0.310025
         4     0.315234
         5     0.320186
         6     0.325019
         7     0.330167
         8     0.333576
         9     0.336852
        10     0.338620
        11     0.340356
        12     0.342502
        13     0.344266
        14     0.346979
        15     0.350308
        16     0.353705
        17     0.357188
        18     0.361809
        19     0.365196
        20     0.368862
        21     0.371889
        22     0.374814
        23     0.376201
        24     0.377933
        25     0.379155
        26     0.379418
        27     0.380196
        28     0.380502
        29     0.380866
        30     0.381044
        31     0.381385
        32     0.381834
        33     0.381805
        34     0.382331
        35     0.383485
        36     0.383706
        37     0.385699
        38     0.387685
        39     0.389399
        40     0.392461
        41     0.395114
        42     0.398115
        43     0.400597
        44     0.403874
        45     0.405865
        46     0.408062
        47     0.409757
        48     0.411593
        49     0.411768
        50     0.413965
        51     0.413759
        52     0.415561
        53     0.415989
        54     0.417716
        55     0.418327
        56     0.420417
        57     0.420546
        58     0.422333
        59     0.422327
        60     0.423196
        61     0.423597
        62     0.424213
        63     0.425341
        64     0.426149
        65     0.427720
        66     0.429002
        67     0.430759
        68     0.432242
        69     0.434003
        70     0.435396
        71     0.436990
        72     0.438043
        73     0.439351
        74     0.440677
        75     0.441182
        76     0.443076
        77     0.443071
        78     0.444359
        79     0.444276
        80     0.444672
        81     0.443357
        82     0.443328
        83     0.441544
        84     0.440126
        85     0.439189
        86     0.438098
        87     0.436936
        88     0.436777
        89     0.436692
        90     0.435720
        91     0.436877
        92     0.436343
        93     0.436867
        94     0.437671
        95     0.438101
        96     0.438845
        97     0.440105
        98     0.440641
        99     0.442082
       100     0.442621
       101     0.443525
       102     0.443429
       103     0.443034
       104     0.441310
       105     0.440150
       106     0.437690
       107     0.435386
       108     0.434581
       109     0.432353
       110     0.431511
       111     0.431513
       112     0.430856
       113     0.431127
       114     0.432602
       115     0.432894
       116     0.434547
       117     0.435897
       118     0.436307
       119     0.436745
       120     0.435850
       121     0.434226
       122     0.432847
       123     0.430463
       124     0.428457
       125     0.427326
       126     0.425648
       127     0.424498
       128     0.424582
       129     0.423577
       130     0.423713
       131     0.423920
       132     0.424083
       133     0.424201
       134     0.424843
       135     0.424960
       136     0.424850
       137     0.424619
       138     0.424266
       139     0.422545
       140     0.421224
       141     0.419445
       142     0.416518
       143     0.414626
       144     0.411914
       145     0.409405
       146     0.407293
       147     0.404694
       148     0.402819
       149     0.400174
       150     0.398486
       151     0.395725
       152     0.394524
       153     0.391871
       154     0.391287
       155     0.389562
       156     0.388320
       157     0.387049
       158     0.385820
       159     0.383170
       160     0.381577
       161     0.379316
       162     0.375227
       163     0.372373
       164     0.367599
       165     0.362275
       166     0.357110
       167     0.352329
       168     0.347451
       169     0.343249
       170     0.340472
       171     0.337485
       172     0.335385
       173     0.333874
       174     0.331836
       175     0.329019
       176     0.325934
       177     0.320131
       178     0.315737
       179     0.310220
       180     0.305656
       181     0.301626
       182     0.299209
