# Cycle: 79, status: ACC, move: ('wf', 9000, 2, 37)
#     Time      Potential        Kinetic
         0     -10.437771      35.342903            nan            nan
         1     -10.587038      35.438423            nan            nan
         2     -12.303808      37.047423            nan            nan
         3     -11.146520      35.872902            nan            nan
         4     -10.605949      35.354230            nan            nan
         5      -9.802694      34.570973            nan            nan
         6      -8.275783      33.159806            nan            nan
         7      -6.130901      31.116434            nan            nan
         8      -6.879219      31.826253            nan            nan
         9      -7.156836      32.071562            nan            nan
        10      -4.642901      29.671372            nan            nan
        11      -2.387138      27.561947            nan            nan
        12      -0.269941      25.574840            nan            nan
        13       1.781031      23.682002            nan            nan
        14       3.834807      21.722563            nan            nan
        15       3.111064      22.449076            nan            nan
        16       5.785805      19.862787            nan            nan
        17       8.596829      17.250613            nan            nan
        18      11.797923      14.169775            nan            nan
        19      11.516340      14.502317            nan            nan
        20      13.956272      12.127946            nan            nan
        21      12.792522      13.284930            nan            nan
        22      12.712973      13.278808            nan            nan
        23      11.582323      14.392575            nan            nan
        24      13.724103      12.248841            nan            nan
        25      10.843290      14.991508            nan            nan
        26       9.931168      15.720497            nan            nan
        27       7.841334      17.679225            nan            nan
        28       6.983934      18.355971            nan            nan
        29       3.227074      21.889777            nan            nan
        30       3.405288      21.602742            nan            nan
        31       2.178410      22.727011            nan            nan
        32       0.414778      24.302629            nan            nan
        33      -1.473606      26.050110            nan            nan
        34      -1.135480      25.690748            nan            nan
        35      -1.518555      26.031581            nan            nan
        36      -2.288136      26.785093            nan            nan
