# Cycle: 79, status: ACC, move: ('wf', 9000, 2, 37)
#     Time       Orderp
         0     0.294580
         1     0.302597
         2     0.311182
         3     0.319595
         4     0.327665
         5     0.335611
         6     0.343780
         7     0.350947
         8     0.358459
         9     0.365570
        10     0.371843
        11     0.378667
        12     0.384362
        13     0.390467
        14     0.395613
        15     0.401595
        16     0.406019
        17     0.412078
        18     0.416387
        19     0.422297
        20     0.426711
        21     0.432551
        22     0.436997
        23     0.442775
        24     0.447348
        25     0.452916
        26     0.457728
        27     0.462758
        28     0.467726
        29     0.472353
        30     0.476876
        31     0.481488
        32     0.485602
        33     0.489703
        34     0.493911
        35     0.497510
        36     0.501219
