# Cycle: 95, status: ACC, move: ('sh', 0.3428743740758807, 24, 18)
#     Time      Potential        Kinetic
         0     -14.100684      36.961771            nan            nan
         1     -15.369461      38.084740            nan            nan
         2     -13.055818      35.746494            nan            nan
         3     -13.322810      35.995432            nan            nan
         4     -10.460418      33.217923            nan            nan
         5      -7.840606      30.784528            nan            nan
         6      -5.317435      28.383801            nan            nan
         7      -5.563791      28.730962            nan            nan
         8      -0.534180      23.960373            nan            nan
         9       0.396639      23.190050            nan            nan
        10       1.790006      21.785962            nan            nan
        11       2.259528      21.336345            nan            nan
        12       6.037773      17.696855            nan            nan
        13       6.573030      17.167389            nan            nan
        14       5.413651      18.267324            nan            nan
        15       5.729064      17.990262            nan            nan
        16       5.766407      17.942482            nan            nan
        17       1.277100      22.265878            nan            nan
        18       1.032719      22.449076            nan            nan
        19       1.358931      22.198929            nan            nan
        20       2.310312      21.232474            nan            nan
        21       0.604941      22.892093            nan            nan
        22       3.469259      20.173400            nan            nan
        23       5.723811      18.051764            nan            nan
        24       3.349525      20.403537            nan            nan
        25       3.724941      20.078833            nan            nan
        26       2.284656      21.637199            nan            nan
        27       2.632234      21.309790            nan            nan
        28      -1.294646      25.252344            nan            nan
        29       3.081397      21.052448            nan            nan
        30       1.542393      22.635391            nan            nan
        31       0.316977      23.668770            nan            nan
