# Cycle: 95, status: ACC, move: ('sh', 0.3428743740758807, 24, 18)
#     Time       Orderp
         0     0.298554
         1     0.304744
         2     0.310049
         3     0.314424
         4     0.319224
         5     0.323503
         6     0.327131
         7     0.331091
         8     0.335060
         9     0.336961
        10     0.340873
        11     0.341947
        12     0.343709
        13     0.344642
        14     0.345436
        15     0.344679
        16     0.345536
        17     0.343667
        18     0.342874
        19     0.341694
        20     0.338960
        21     0.337426
        22     0.335194
        23     0.332047
        24     0.329919
        25     0.326774
        26     0.322471
        27     0.319002
        28     0.313514
        29     0.307559
        30     0.302102
        31     0.294637
