# Cycle: 75, status: ACC, move: ('wf', 9000, 2, 78)
#     Time      Potential        Kinetic
         0      -1.434330      26.394132            nan            nan
         1      -1.216112      26.147604            nan            nan
         2       0.544703      24.470832            nan            nan
         3       1.607650      23.577679            nan            nan
         4      -1.478127      26.640145            nan            nan
         5      -4.094535      29.243106            nan            nan
         6      -1.748353      27.002528            nan            nan
         7      -2.740439      27.996358            nan            nan
         8      -2.024688      27.247061            nan            nan
         9       0.184418      25.144206            nan            nan
        10       2.526470      22.864040            nan            nan
        11      -0.130338      25.391792            nan            nan
        12      -0.177585      25.397416            nan            nan
        13       0.055311      25.234139            nan            nan
        14      -0.808550      26.032580            nan            nan
        15      -3.124742      28.280682            nan            nan
        16       0.304263      24.938302            nan            nan
        17       1.433447      23.819703            nan            nan
        18       1.478895      23.649938            nan            nan
        19       2.696130      22.404660            nan            nan
        20       5.373369      19.764697            nan            nan
        21       4.556654      20.494249            nan            nan
        22       4.231130      20.790569            nan            nan
        23       7.004071      18.111183            nan            nan
        24       5.985051      19.109810            nan            nan
        25       4.430265      20.549433            nan            nan
        26       4.339648      20.678651            nan            nan
        27       5.820535      19.250831            nan            nan
        28       2.944155      22.045171            nan            nan
        29       2.714406      22.249245            nan            nan
        30       3.920600      21.114896            nan            nan
        31       3.202141      21.794933            nan            nan
        32       2.101043      22.828090            nan            nan
        33       4.078276      20.928540            nan            nan
        34       4.518473      20.497164            nan            nan
        35       2.897328      22.002616            nan            nan
        36       3.021389      21.867889            nan            nan
        37       5.447809      19.543660            nan            nan
        38       4.875347      20.113666            nan            nan
        39       4.304205      20.689127            nan            nan
        40       5.498425      19.600534            nan            nan
        41       4.770740      20.345853            nan            nan
        42       3.042479      22.031363            nan            nan
        43       4.038865      21.139969            nan            nan
        44       7.322841      17.996283            nan            nan
        45       6.327748      18.990471            nan            nan
        46       7.881959      17.448144            nan            nan
        47      10.005598      15.411484            nan            nan
        48      10.683632      14.726800            nan            nan
        49      10.726786      14.651083            nan            nan
        50      12.998374      12.448180            nan            nan
        51      13.785563      11.674315            nan            nan
        52      12.210242      13.128886            nan            nan
        53      11.673849      13.608661            nan            nan
        54      12.212248      13.087720            nan            nan
        55      11.270749      13.947002            nan            nan
        56       9.038026      16.068119            nan            nan
        57       8.854201      16.219294            nan            nan
        58       7.293579      17.685444            nan            nan
        59       4.220294      20.614364            nan            nan
        60       3.348016      21.471987            nan            nan
        61       4.631501      20.241243            nan            nan
        62       2.348237      22.449076            nan            nan
        63       1.527866      23.198335            nan            nan
        64       2.170793      22.568434            nan            nan
        65       2.128167      22.595215            nan            nan
        66       1.372416      23.332697            nan            nan
        67       4.170692      20.656920            nan            nan
        68       5.884699      19.069912            nan            nan
        69       6.243466      18.708433            nan            nan
        70       6.253626      18.722398            nan            nan
        71       8.884044      16.207532            nan            nan
        72       8.618117      16.522646            nan            nan
        73       9.102469      16.066155            nan            nan
        74      10.232592      15.066497            nan            nan
        75      11.971233      13.425092            nan            nan
        76      10.136565      15.232853            nan            nan
        77      10.678762      14.703571            nan            nan
