# Cycle: 94, status: ACC, move: ('wf', 9000, 1, 158)
#     Time      Potential        Kinetic
         0     -14.889717      37.414904            nan            nan
         1     -16.215356      38.512375            nan            nan
         2     -12.274637      34.685332            nan            nan
         3      -3.035989      25.797229            nan            nan
         4      -5.152088      27.832314            nan            nan
         5      -7.565737      30.150875            nan            nan
         6      -2.886513      25.789707            nan            nan
         7      -0.313841      23.306593            nan            nan
         8      -5.996244      28.731780            nan            nan
         9      -1.435651      24.311333            nan            nan
        10       3.867562      19.224043            nan            nan
        11      -0.142821      22.944520            nan            nan
        12      -3.544332      26.148733            nan            nan
        13       1.494627      21.296938            nan            nan
        14      -1.121530      23.794328            nan            nan
        15      -7.381264      29.735913            nan            nan
        16      -4.507806      27.001449            nan            nan
        17      -2.035471      24.612490            nan            nan
        18      -7.698450      29.937759            nan            nan
        19      -7.644196      29.845156            nan            nan
        20      -0.158501      22.655566            nan            nan
        21      -2.277104      24.682217            nan            nan
        22      -5.187586      27.422685            nan            nan
        23       1.143357      21.418132            nan            nan
        24       4.028305      18.720505            nan            nan
        25      -0.613179      23.183956            nan            nan
        26       2.402189      20.353715            nan            nan
        27       8.124564      14.986358            nan            nan
        28       5.433337      17.550349            nan            nan
        29       2.975187      19.925723            nan            nan
        30       9.700351      13.531862            nan            nan
        31       9.959780      13.269685            nan            nan
        32       4.169992      18.753546            nan            nan
        33       6.673004      16.362430            nan            nan
        34      10.847469      12.307566            nan            nan
        35       3.354035      19.430953            nan            nan
        36       1.353312      21.260574            nan            nan
        37       5.427014      17.347754            nan            nan
        38       1.375414      21.156470            nan            nan
        39      -5.281288      27.473376            nan            nan
        40      -0.954128      23.307467            nan            nan
        41      -0.049312      22.449076            nan            nan
        42      -6.481023      28.537842            nan            nan
        43      -5.573173      27.658021            nan            nan
        44      -0.121405      22.477605            nan            nan
        45      -3.075706      25.280334            nan            nan
        46      -5.307269      27.445639            nan            nan
        47       2.613623      19.922144            nan            nan
        48       4.088508      18.561917            nan            nan
        49       0.264964      22.197715            nan            nan
        50       4.483092      18.230606            nan            nan
        51      11.233294      11.793066            nan            nan
        52       6.883851      15.979116            nan            nan
        53       7.106204      15.764823            nan            nan
        54      13.946089       9.263680            nan            nan
        55      12.451181      10.678777            nan            nan
        56       6.994400      15.859413            nan            nan
        57      11.312274      11.719653            nan            nan
        58      12.833900      10.268448            nan            nan
        59       5.987224      16.744129            nan            nan
        60       4.634301      18.025532            nan            nan
        61       9.457521      13.393314            nan            nan
        62       4.209335      18.394819            nan            nan
        63      -0.596616      22.940675            nan            nan
        64       3.870113      18.689543            nan            nan
        65       3.738047      18.819095            nan            nan
        66      -2.629771      24.870978            nan            nan
        67      -0.255991      22.616752            nan            nan
        68       5.014603      17.624036            nan            nan
        69       1.000673      21.455610            nan            nan
        70      -0.106265      22.504345            nan            nan
        71       6.010562      16.731661            nan            nan
        72       6.716616      16.029681            nan            nan
        73       1.315633      21.223814            nan            nan
        74       6.989605      15.812248            nan            nan
        75      10.468984      12.539028            nan            nan
        76       5.536168      17.203951            nan            nan
        77       4.788855      17.937515            nan            nan
        78      11.183552      11.808779            nan            nan
        79       7.166577      15.637095            nan            nan
        80       2.839054      19.706449            nan            nan
        81       7.109662      15.630445            nan            nan
        82       8.075904      14.659239            nan            nan
        83       1.045905      21.325153            nan            nan
        84       2.617587      19.793185            nan            nan
        85       6.978156      15.631090            nan            nan
        86       2.011790      20.338339            nan            nan
        87      -0.980210      23.182529            nan            nan
        88       5.125689      17.377943            nan            nan
        89       4.964110      17.558946            nan            nan
        90      -0.068050      22.394226            nan            nan
        91       4.060783      18.525393            nan            nan
        92       8.333590      14.513721            nan            nan
        93       3.025870      19.634425            nan            nan
        94       2.668994      20.040814            nan            nan
        95      10.073315      13.029246            nan            nan
        96       7.661067      15.403788            nan            nan
        97       3.884371      18.997533            nan            nan
        98       8.989000      14.144014            nan            nan
        99      11.095901      12.136472            nan            nan
       100       4.974050      17.926159            nan            nan
       101       5.566324      17.309950            nan            nan
       102       9.907812      13.150524            nan            nan
       103       5.441106      17.326726            nan            nan
       104       0.320666      22.148771            nan            nan
       105       4.984844      17.649841            nan            nan
       106       4.157480      18.400421            nan            nan
       107      -2.779187      24.942852            nan            nan
       108      -1.353025      23.550328            nan            nan
       109       2.468660      19.899032            nan            nan
       110      -2.259952      24.373037            nan            nan
       111      -4.009925      26.052639            nan            nan
       112       2.650675      19.748289            nan            nan
       113       2.705286      19.718465            nan            nan
       114      -1.737280      23.987371            nan            nan
       115       3.161742      19.388027            nan            nan
       116       8.237939      14.602260            nan            nan
       117       3.404016      19.286078            nan            nan
       118       4.381551      18.411250            nan            nan
       119      10.458431      12.704628            nan            nan
       120       8.467189      14.627646            nan            nan
       121       3.561387      19.348969            nan            nan
       122       8.534771      14.620806            nan            nan
       123       9.263247      13.954866            nan            nan
       124       2.990568      19.891501            nan            nan
       125       2.218290      20.642438            nan            nan
       126       6.865763      16.143029            nan            nan
       127       0.556740      22.142334            nan            nan
       128      -3.611804      26.054627            nan            nan
       129       1.057445      21.570042            nan            nan
       130       0.239431      22.327305            nan            nan
       131      -5.860445      28.082426            nan            nan
       132      -3.800561      26.099587            nan            nan
       133       0.205828      22.276798            nan            nan
       134      -4.649659      26.914791            nan            nan
       135      -5.234159      27.474677            nan            nan
       136       1.183103      21.426761            nan            nan
       137       1.485747      21.144538            nan            nan
       138      -3.406419      25.859717            nan            nan
       139       2.116057      20.610492            nan            nan
       140       4.981936      17.962862            nan            nan
       141       0.766373      21.983193            nan            nan
       142       0.869966      21.950136            nan            nan
       143       6.827706      16.304312            nan            nan
       144       2.924197      20.044670            nan            nan
       145      -1.809433      24.535781            nan            nan
       146       1.101159      21.810942            nan            nan
       147       1.984933      20.920664            nan            nan
       148      -6.436145      28.978390            nan            nan
       149      -6.355632      28.895494            nan            nan
       150      -3.321139      26.013648            nan            nan
       151      -9.849861      32.249203            nan            nan
       152     -14.623495      36.814459            nan            nan
       153     -10.464095      32.880548            nan            nan
       154     -11.749964      34.170198            nan            nan
       155     -18.628502      40.821005            nan            nan
       156     -16.506234      38.890551            nan            nan
       157     -13.743120      36.388421            nan            nan
