# Cycle: 86, status: ACC, move: None
#     Time      Potential        Kinetic
         0     -15.299425      26.808776            nan            nan
         1     -14.243877      25.733834            nan            nan
         2      -9.542967      21.264579            nan            nan
         3      -8.215061      20.010393            nan            nan
         4     -13.333972      24.975917            nan            nan
         5     -12.877033      24.608797            nan            nan
         6     -11.200630      23.154703            nan            nan
         7     -10.819345      22.848468            nan            nan
         8     -10.898428      23.008258            nan            nan
         9      -7.650002      19.886733            nan            nan
        10     -10.306980      22.449076            nan            nan
        11     -11.357604      23.396262            nan            nan
        12      -8.658989      20.830385            nan            nan
        13      -8.035268      20.273631            nan            nan
        14      -9.715234      21.872153            nan            nan
        15      -8.283249      20.482404            nan            nan
