# Cycle: 55, status: ACC, move: ('wf', 9000, 1, 78)
#     Time      Potential        Kinetic
         0      -5.382788      31.301702            nan            nan
         1      -2.667860      28.631231            nan            nan
         2      -3.375377      29.337694            nan            nan
         3      -3.672201      29.605122            nan            nan
         4      -5.058430      31.038804            nan            nan
         5      -4.469308      30.489736            nan            nan
         6      -7.508523      33.509043            nan            nan
         7      -5.927561      31.945281            nan            nan
         8      -4.747915      30.843722            nan            nan
         9      -1.806746      27.930782            nan            nan
        10      -0.138005      26.256107            nan            nan
        11       2.668684      23.515550            nan            nan
        12       4.858596      21.338421            nan            nan
        13       4.433285      21.726436            nan            nan
        14       6.321556      19.851281            nan            nan
        15       6.203784      20.005902            nan            nan
        16       6.374907      19.787295            nan            nan
        17       4.124376      21.977089            nan            nan
        18       4.324549      21.784208            nan            nan
        19       2.118672      23.934857            nan            nan
        20       0.605476      25.359661            nan            nan
        21      -1.032268      26.958130            nan            nan
        22       0.012295      25.882123            nan            nan
        23      -1.952891      27.742652            nan            nan
        24      -0.767997      26.495723            nan            nan
        25      -0.292938      26.026737            nan            nan
        26       0.926315      24.776136            nan            nan
        27       0.064616      25.600844            nan            nan
        28       1.964799      23.753516            nan            nan
        29       2.263512      23.508673            nan            nan
        30       2.329976      23.442009            nan            nan
        31       2.182345      23.643450            nan            nan
        32       3.839231      22.091438            nan            nan
        33       3.536195      22.449076            nan            nan
        34       3.989032      22.042862            nan            nan
        35       5.012888      21.126801            nan            nan
        36       6.450890      19.755728            nan            nan
        37       6.025306      20.172322            nan            nan
        38       6.833900      19.399969            nan            nan
        39       8.544259      17.743952            nan            nan
        40       7.876766      18.390018            nan            nan
        41       7.951828      18.276132            nan            nan
        42       7.769642      18.454924            nan            nan
        43       7.513535      18.641410            nan            nan
        44       5.183260      20.867092            nan            nan
        45       6.118816      19.906565            nan            nan
        46       5.669481      20.347320            nan            nan
        47       5.473629      20.460928            nan            nan
        48       4.159752      21.706693            nan            nan
        49       5.118172      20.737104            nan            nan
        50       4.183487      21.621068            nan            nan
        51       4.002138      21.757973            nan            nan
        52       4.737271      21.066243            nan            nan
        53       5.978692      19.861545            nan            nan
        54       5.082554      20.723161            nan            nan
        55       5.764032      20.058603            nan            nan
        56       6.463057      19.423843            nan            nan
        57       6.485361      19.406822            nan            nan
        58       5.792369      20.106829            nan            nan
        59       6.504738      19.462953            nan            nan
        60       6.566240      19.422629            nan            nan
        61       4.827775      21.112994            nan            nan
        62       5.276241      20.673820            nan            nan
        63       5.359765      20.628079            nan            nan
        64       5.574192      20.381191            nan            nan
        65       4.845085      21.102361            nan            nan
        66       6.558239      19.429207            nan            nan
        67       6.086950      19.886686            nan            nan
        68       5.642224      20.278576            nan            nan
        69       6.085919      19.870137            nan            nan
        70       7.618812      18.395260            nan            nan
        71       7.222810      18.786387            nan            nan
        72       7.619532      18.413751            nan            nan
        73       8.872744      17.220241            nan            nan
        74       8.508248      17.580727            nan            nan
        75       8.453510      17.629043            nan            nan
        76       9.737644      16.424863            nan            nan
        77      11.073157      15.141835            nan            nan
