# Cycle: 26, status: ACC, move: ('wf', 9000, 2, 52)
#     Time      Potential        Kinetic
         0     -13.687933      46.168061            nan            nan
         1     -16.556821      48.976654            nan            nan
         2     -16.134177      48.549566            nan            nan
         3     -15.458027      47.929689            nan            nan
         4     -12.152899      44.704651            nan            nan
         5      -9.714519      42.369445            nan            nan
         6      -5.496937      38.347205            nan            nan
         7      -1.715763      34.818356            nan            nan
         8       1.192569      32.124625            nan            nan
         9       3.268908      30.261389            nan            nan
        10       5.614075      28.127806            nan            nan
        11       8.662413      25.258765            nan            nan
        12       9.700614      24.341306            nan            nan
        13      13.044974      21.106727            nan            nan
        14      14.020651      20.208923            nan            nan
        15      15.331319      18.886275            nan            nan
        16      13.860120      20.312521            nan            nan
        17      14.450303      19.678234            nan            nan
        18      11.585609      22.449076            nan            nan
        19      10.175157      23.724781            nan            nan
        20       7.547623      26.238233            nan            nan
        21       7.189362      26.508319            nan            nan
        22       5.617620      27.980345            nan            nan
        23       6.299523      27.205043            nan            nan
        24       5.820673      27.652348            nan            nan
        25       7.455079      25.972650            nan            nan
        26       6.276165      27.118047            nan            nan
        27       7.638498      25.779576            nan            nan
        28       7.589802      25.877283            nan            nan
        29       7.293147      26.199079            nan            nan
        30       6.375607      27.153571            nan            nan
        31       7.248633      26.361296            nan            nan
        32       6.608933      27.041797            nan            nan
        33       6.877451      26.789155            nan            nan
        34       7.971386      25.718790            nan            nan
        35       8.191886      25.523369            nan            nan
        36       9.331156      24.348096            nan            nan
        37       7.812205      25.829281            nan            nan
        38       8.249618      25.352959            nan            nan
        39       5.512509      27.999614            nan            nan
        40       3.588495      29.811553            nan            nan
        41      -0.044356      33.336821            nan            nan
        42      -0.693977      33.923996            nan            nan
        43      -3.278819      36.433507            nan            nan
        44      -2.588666      35.709203            nan            nan
        45      -2.118234      35.233746            nan            nan
        46      -1.897315      34.981510            nan            nan
        47      -3.211025      36.281995            nan            nan
        48      -2.857481      36.005534            nan            nan
        49      -5.873421      39.100728            nan            nan
        50      -5.508150      38.796465            nan            nan
        51      -7.703180      41.082775            nan            nan
