# Cycle: 46, status: ACC, move: None
#     Time      Potential        Kinetic
         0      -4.695646      30.714270            nan            nan
         1      -8.309527      34.224275            nan            nan
         2      -6.895611      33.055663            nan            nan
         3       1.840826      24.698862            nan            nan
         4      -2.195028      28.705154            nan            nan
         5      -3.117909      29.647359            nan            nan
         6      -3.663190      30.419196            nan            nan
         7       0.650290      26.115407            nan            nan
         8      -0.993187      27.567413            nan            nan
         9       7.466562      19.298398            nan            nan
        10       9.149393      17.644455            nan            nan
        11       1.350203      25.106518            nan            nan
        12      -3.918738      30.308593            nan            nan
        13      -0.004352      26.496145            nan            nan
        14      -4.772293      30.945425            nan            nan
        15      -6.304287      32.252911            nan            nan
        16      -5.976981      32.020289            nan            nan
        17     -12.346209      38.328041            nan            nan
        18     -12.497124      38.457740            nan            nan
        19      -5.401700      31.664238            nan            nan
        20       4.758937      21.737521            nan            nan
        21       2.124064      24.306364            nan            nan
        22       0.207432      26.358094            nan            nan
        23      -2.098878      29.005230            nan            nan
        24       1.350684      25.633140            nan            nan
        25      -2.631255      29.469888            nan            nan
        26       8.647444      18.429768            nan            nan
        27      13.755823      13.489818            nan            nan
        28       9.185601      17.795207            nan            nan
