# Cycle: 46, status: ACC, move: None
#     Time       Orderp
         0     0.300269
         1     0.298660
         2     0.296132
         3     0.293813
         4     0.291281
         5     0.288875
         6     0.286142
         7     0.283223
         8     0.279942
         9     0.276109
        10     0.274544
        11     0.271907
        12     0.271751
        13     0.270287
        14     0.270364
        15     0.269471
        16     0.271658
        17     0.272358
        18     0.275662
        19     0.275886
        20     0.279158
        21     0.280589
        22     0.284904
        23     0.287696
        24     0.292022
        25     0.293890
        26     0.296779
        27     0.298824
        28     0.301209
