# Preparing propagation with AMS engine
# Trajectory label: 004_207_trajB
# Initial file: /home/konrad/opt/infretis_new/infretis/examples/ams/water_dimer/worker0/004_207_conf.rkf
# Initial config: /home/konrad/opt/infretis_new/infretis/examples/ams/water_dimer/worker0/004_207_conf.rkf
# Initial order parameter: 0.4474164497127404
0 0.4474164497127404
1 0.44451743517514924
2 0.4385969313901586
3 0.4351437573000475
4 0.42962519459167414
5 0.4262364411661768
6 0.42103498890960095
7 0.4173511111034209
8 0.41290482976804294
9 0.40883959955608784
10 0.4049162023447568
11 0.4006478626543416
12 0.39677589727928586
13 0.39230922730780377
14 0.3880520252378015
15 0.38286797664221367
16 0.3788681729934186
17 0.3721957814460772
18 0.36834119529304593
19 0.3611082302315598
20 0.3557883178095782
21 0.34833489760623015
22 0.34198075978559667
23 0.3330255707025131
24 0.3264324083983215
25 0.3171631926915322
26 0.3100401649425377
27 0.30168802798122135
28 0.2951225094223084
# Propagation done.
