# Preparing propagation with AMS engine
# Trajectory label: 003_35528_7_trajF
# Initial file: /home/konrad/opt/infretis_new/infretis/examples/ams/water_dimer/worker0/003_35528_7_conf.rkf
# Initial config: /home/konrad/opt/infretis_new/infretis/examples/ams/water_dimer/worker0/003_35528_7_conf.rkf
# Initial order parameter: 0.3976171193781004
0 0.3976171193781004
1 0.3957416608213731
2 0.39301182154683323
3 0.3909778771408616
4 0.38940581691983434
5 0.38803856884208227
6 0.38671016367275446
7 0.38615482235465365
8 0.38590879340452483
9 0.3851141322877804
10 0.3863172836151197
11 0.38612120859120813
12 0.38750245530609423
13 0.3883600366419039
14 0.38987744316672146
15 0.390708091512044
16 0.391840119219088
17 0.3924894420384858
18 0.3927825794356961
19 0.392721355644517
20 0.39316420970101895
21 0.39252545460342203
22 0.39284650830165213
23 0.39269195475211277
24 0.3926575000005566
25 0.392313959848602
26 0.3927427699680212
27 0.39107002616758174
28 0.39079583885926866
29 0.38820297419836214
30 0.38605900443148905
31 0.3827844685209814
32 0.38027080498784005
33 0.3776898078351835
34 0.37503671283297557
35 0.3741211471614278
36 0.3722950599483384
37 0.371696157262901
38 0.3712138995123288
39 0.3712936878671071
40 0.3707530814495045
41 0.37215583246415884
42 0.3719032868221032
43 0.3733422929589052
44 0.3744527730360672
45 0.3757145995275174
46 0.3772473513407628
47 0.3789162696175937
48 0.37977982109168346
49 0.38103867668045033
50 0.38088477844658325
51 0.3809683630593803
52 0.38030438966165975
53 0.3791588890364689
54 0.37787133445290466
55 0.3758373323050307
56 0.37325406731864014
57 0.37008298527271577
58 0.3670943170585819
59 0.3628647053125606
60 0.3600254259812202
61 0.35606357036897146
62 0.35344412834561784
63 0.34983221989638985
64 0.3482309248627911
65 0.3450010643202163
66 0.34394850975865193
67 0.3422653815069884
68 0.34125643509811593
69 0.3407068447879357
70 0.33985224669027403
71 0.33924050052277854
72 0.3371715232428052
73 0.3352465913189121
74 0.33195199675797493
75 0.32870172801724434
76 0.32462717670830177
77 0.32110061790054856
78 0.31528333008565446
79 0.3107432150332371
80 0.30347478505461484
81 0.29932629806966754
# Propagation done.
