# Preparing propagation with AMS engine
# Trajectory label: 003_35528_2_trajF
# Initial file: /home/konrad/opt/infretis_new/infretis/examples/ams/water_dimer/worker0/003_35528_2_conf.rkf
# Initial config: /home/konrad/opt/infretis_new/infretis/examples/ams/water_dimer/worker0/003_35528_2_conf.rkf
# Initial order parameter: 0.408359302636549
0 0.408359302636549
1 0.40847555106704475
2 0.4090094878057819
3 0.4093281271870953
4 0.4105831808526985
5 0.4113685607519708
6 0.4135780516737079
7 0.41444757827215334
8 0.4164358888334036
9 0.41790556283628677
10 0.4190110054940929
11 0.41966845314718404
12 0.4211971430695284
13 0.4205101033031669
14 0.4209453824564079
15 0.4206612023594746
16 0.4191392607176679
17 0.4183672880253988
18 0.4167683145673045
19 0.415450533861086
20 0.41386860931920205
21 0.41368528690811285
22 0.4128591078479424
23 0.4135896789858392
24 0.4140325503930466
25 0.41502423015535084
26 0.4160198408045623
27 0.41622313891747587
28 0.41670356697392713
29 0.4166325620357724
30 0.41570381630891523
31 0.41519598609137487
32 0.41416514489055745
33 0.41221142278962614
34 0.41130925873811636
35 0.4090853755656191
36 0.40743522381959757
37 0.4059600225129508
38 0.40409188445102406
39 0.40301852934358784
40 0.4016927374367626
41 0.40017923085731155
42 0.39881827806067277
# Propagation done.
