# Preparing propagation with AMS engine
# Trajectory label: 003_35528_5_trajF
# Initial file: /home/konrad/opt/infretis_new/infretis/examples/ams/water_dimer/worker0/003_35528_5_conf.rkf
# Initial config: /home/konrad/opt/infretis_new/infretis/examples/ams/water_dimer/worker0/003_35528_5_conf.rkf
# Initial order parameter: 0.4017725664948474
0 0.4017725664948474
1 0.4038409807371547
2 0.40797810693855296
3 0.41058098754278344
4 0.41466709700882814
5 0.41712815033083195
6 0.42074630092413373
7 0.422867521717754
8 0.42520864231538025
9 0.4263559346848231
10 0.42771638741241064
11 0.4277586049527986
12 0.42782635061918284
13 0.42791287251178184
14 0.4270429455727258
15 0.427344874715107
16 0.42637721180853383
17 0.42724400289208336
18 0.42628982642046487
19 0.42752358167082316
20 0.42724192298353764
21 0.4280920093120758
22 0.4284044986759622
23 0.4292545360369887
24 0.42970645391826673
25 0.4306320814380913
26 0.431743497856178
27 0.43242602294894117
28 0.43389260978049
29 0.43469572842192866
30 0.43573890802770965
31 0.436062258595148
32 0.43663117428378356
33 0.43635864563180476
34 0.4356813331147948
35 0.4354604291100912
36 0.43386767649974217
37 0.43304871656583077
38 0.4313625107797506
39 0.43000455499935425
40 0.4277720575962907
41 0.426357733719373
42 0.42367473589891114
43 0.4222186702796136
44 0.41928328837599815
45 0.4183834770669672
46 0.41555987903563046
47 0.4150587376816717
48 0.41338584755379215
49 0.41339957698471536
50 0.4123810078472682
51 0.41364965498765927
52 0.4130985185976783
53 0.4145931879852181
54 0.41490846478760685
55 0.41603091303789846
56 0.4161322107744435
57 0.4166234287191061
58 0.41612323141581786
59 0.4152253810658098
60 0.41369116875079265
61 0.41212763621721743
62 0.40904834244161675
63 0.4070908450424512
64 0.4034147014138955
65 0.4013068951267348
66 0.3976171193781004
# Propagation done.
