# Cycle: 62, status: ACC, move: ('wf', 9000, 2, 148)
#     Time      Potential        Kinetic
         0      -0.734125      36.365153            nan            nan
         1       9.186662      26.882212            nan            nan
         2       4.043430      31.656528            nan            nan
         3      -3.892003      39.080298            nan            nan
         4       4.438744      30.985519            nan            nan
         5       5.306733      30.040872            nan            nan
         6      -3.008514      37.854623            nan            nan
         7       2.471538      32.560838            nan            nan
         8      10.036691      25.334875            nan            nan
         9       1.474805      33.476173            nan            nan
        10      -1.519259      36.355482            nan            nan
        11       9.285553      26.122268            nan            nan
        12       8.209359      27.188569            nan            nan
        13       1.740853      33.369497            nan            nan
        14      10.494776      25.086878            nan            nan
        15      18.194942      17.730544            nan            nan
        16       9.419306      26.125108            nan            nan
        17      11.858567      23.784256            nan            nan
        18      22.218961      13.955704            nan            nan
        19      17.923952      18.039873            nan            nan
        20      11.042487      24.604715            nan            nan
        21      19.475753      16.575128            nan            nan
        22      19.485621      16.595162            nan            nan
        23       8.057827      27.439446            nan            nan
        24       9.657187      25.897089            nan            nan
        25      15.778394      20.073632            nan            nan
        26       8.276953      27.112369            nan            nan
        27       2.353435      32.717828            nan            nan
        28      10.969934      24.482081            nan            nan
        29      10.755502      24.601584            nan            nan
        30       0.936009      33.901794            nan            nan
        31       6.592412      28.522482            nan            nan
        32      15.707567      19.798184            nan            nan
        33       6.894897      28.242719            nan            nan
        34       5.792550      29.309367            nan            nan
        35      16.958867      18.718783            nan            nan
        36      14.577558      21.064011            nan            nan
        37       6.599329      28.702328            nan            nan
        38      15.173454      20.557811            nan            nan
        39      18.187060      17.815935            nan            nan
        40      10.781075      24.792444            nan            nan
        41       9.935808      25.672408            nan            nan
        42      20.423431      15.656499            nan            nan
        43      14.978422      20.799323            nan            nan
        44       8.246628      27.105364            nan            nan
        45      15.300820      20.365854            nan            nan
        46      18.939823      16.755408            nan            nan
        47       8.288480      26.855443            nan            nan
        48      11.746582      23.490133            nan            nan
        49      19.496400      16.067231            nan            nan
        50      11.544233      23.601641            nan            nan
        51       6.942917      27.961407            nan            nan
        52      16.593507      18.775759            nan            nan
        53      15.443972      19.909888            nan            nan
        54       6.561366      28.405581            nan            nan
        55      12.905845      22.449076            nan            nan
        56      18.741049      16.981584            nan            nan
        57      10.591210      24.792665            nan            nan
        58       9.797245      25.637987            nan            nan
        59      19.765611      16.245003            nan            nan
        60      16.574171      19.316122            nan            nan
        61       9.533928      26.052670            nan            nan
        62      16.256856      19.729836            nan            nan
        63      22.025685      14.119844            nan            nan
        64       9.967013      25.673030            nan            nan
        65      12.739589      22.922914            nan            nan
        66      20.242700      15.750070            nan            nan
        67      13.604135      22.001125            nan            nan
        68       6.716374      28.513180            nan            nan
        69      15.832076      19.708483            nan            nan
        70      14.372295      21.119228            nan            nan
        71       5.775289      29.194762            nan            nan
        72       8.767359      26.318837            nan            nan
        73      15.107130      20.287524            nan            nan
        74       8.241109      26.765640            nan            nan
        75       4.246264      30.581921            nan            nan
        76      13.652954      21.669699            nan            nan
        77      13.589608      21.757115            nan            nan
        78       6.114634      28.899088            nan            nan
        79      11.274898      24.106477            nan            nan
        80      20.512063      15.278422            nan            nan
        81      11.145007      24.317418            nan            nan
        82      11.668779      23.808707            nan            nan
        83      22.137196      13.903495            nan            nan
        84      20.482291      15.495488            nan            nan
        85      12.404046      23.243569            nan            nan
        86      21.278357      14.758562            nan            nan
        87      23.294712      12.916233            nan            nan
        88      14.024585      21.663960            nan            nan
        89      12.728209      22.918172            nan            nan
        90      21.839136      14.189425            nan            nan
        91      14.198964      21.471270            nan            nan
        92       7.429424      27.832087            nan            nan
        93      13.373687      22.195408            nan            nan
        94      14.178437      21.351302            nan            nan
        95       2.490549      32.466702            nan            nan
        96       6.385530      28.710331            nan            nan
        97      13.734070      21.749360            nan            nan
        98       7.213916      27.910635            nan            nan
        99       3.187447      31.760997            nan            nan
       100      13.278240      22.171606            nan            nan
       101      12.987319      22.460254            nan            nan
       102       4.688918      30.424082            nan            nan
       103      12.775832      22.785697            nan            nan
       104      18.984087      16.943460            nan            nan
       105      10.617678      24.915008            nan            nan
       106       9.742195      25.808435            nan            nan
       107      20.618814      15.449231            nan            nan
       108      15.160179      20.688518            nan            nan
       109       8.842291      26.657653            nan            nan
       110      16.007025      19.870079            nan            nan
       111      18.367066      17.538720            nan            nan
       112       6.041097      29.283230            nan            nan
       113       9.605881      25.818658            nan            nan
       114      15.216754      20.521221            nan            nan
       115       7.081406      28.156965            nan            nan
       116       0.507195      34.415331            nan            nan
       117      10.851297      24.496291            nan            nan
       118       9.403432      25.860797            nan            nan
       119       1.022834      33.806030            nan            nan
       120       8.094136      27.088620            nan            nan
       121      15.182157      20.337529            nan            nan
       122       6.482205      28.627584            nan            nan
       123       6.617757      28.541298            nan            nan
       124      18.218930      17.576069            nan            nan
       125      14.923392      20.793394            nan            nan
       126       7.396817      28.046341            nan            nan
       127      14.996391      20.940530            nan            nan
       128      20.087643      16.120874            nan            nan
       129       8.038130      27.710733            nan            nan
       130      10.305058      25.546799            nan            nan
       131      19.555902      16.733837            nan            nan
       132      13.145436      22.771891            nan            nan
       133       6.629834      28.902539            nan            nan
       134      16.126789      19.730468            nan            nan
       135      14.692939      21.059243            nan            nan
       136       3.084487      32.062335            nan            nan
       137       4.742949      30.540074            nan            nan
       138      10.228257      25.325687            nan            nan
       139      -3.144638      38.157993            nan            nan
       140      -9.195010      43.920863            nan            nan
       141      -1.777751      36.880995            nan            nan
       142      -4.224108      39.208088            nan            nan
       143      -9.968599      44.636636            nan            nan
       144      -0.617886      35.774875            nan            nan
       145       4.135906      31.323325            nan            nan
       146      -8.106284      43.206330            nan            nan
       147      -9.377955      44.688223            nan            nan
