# Preparing propagation with AMS engine
# Trajectory label: 009_57431_2_trajF
# Initial file: /home/konrad/opt/infretis_new/infretis/examples/ams/water_dimer_many_workers/worker3/009_57431_2_conf.rkf
# Initial config: /home/konrad/opt/infretis_new/infretis/examples/ams/water_dimer_many_workers/worker3/009_57431_2_conf.rkf
# Initial order parameter: 0.44118944874811583
0 0.44118944874811583
1 0.43981241130509957
2 0.4384739415489813
3 0.4359718459088759
4 0.4343411432918257
5 0.4319938050395506
6 0.4299302094269574
7 0.4283093349479274
8 0.42691873335648334
9 0.425220727584113
10 0.424873100899973
11 0.4238524926050035
12 0.4235376242788724
13 0.42351888835033663
14 0.4238225310287563
15 0.42387316565597477
16 0.42486515195757457
17 0.4251473806193706
18 0.42603797872637345
19 0.4253832791368613
20 0.4263601392345319
21 0.4241654838040131
22 0.4238663057297068
23 0.42173810149230884
24 0.42037919904200993
25 0.4181635647075848
26 0.41722009083053907
27 0.41509485689679276
28 0.41448536945548775
29 0.4132649226988939
30 0.41259184106104235
31 0.4123398531778378
32 0.41174396982992734
33 0.41145461050159987
34 0.411218929784588
35 0.4105479918400099
36 0.4090643816957659
37 0.40890347250243814
38 0.40600029652274683
39 0.4053694830847847
40 0.40310319783676934
41 0.4019158055381175
42 0.3999777787612062
43 0.3995639310647497
44 0.3972951319140178
45 0.39751591299196737
46 0.3956421679522644
47 0.39525952892274285
48 0.3938065731655955
49 0.39285022365175537
50 0.39002464251022745
51 0.3887594575083656
52 0.38472598547169584
53 0.3821891454941063
54 0.3786053938663469
55 0.37582623261058123
56 0.3728218948031864
57 0.3706264418193962
58 0.36835306613567287
59 0.366854679398365
60 0.3651391263766446
61 0.3641141321214123
62 0.3630915231351229
63 0.36176223147588726
64 0.3604770219592402
65 0.3585403210887724
66 0.3563968054699817
67 0.3529043273945553
68 0.3508765788762737
69 0.34614897942202383
70 0.343414918304071
71 0.3387049846264491
# Propagation done.
