# Cycle: 30, status: ACC, move: None
#     Time      Potential        Kinetic
         0     -17.073126      25.205724            nan            nan
         1     -17.921025      26.087511            nan            nan
         2     -20.047954      28.217871            nan            nan
         3     -23.163241      31.300210            nan            nan
         4     -19.848815      28.168463            nan            nan
         5     -16.898886      25.404505            nan            nan
         6     -15.158169      23.678484            nan            nan
         7     -13.801411      22.450154            nan            nan
         8      -9.738643      18.646974            nan            nan
         9     -13.977400      22.945533            nan            nan
        10     -11.780711      20.763751            nan            nan
        11      -6.717453      15.876436            nan            nan
        12      -2.331730      11.557487            nan            nan
        13      -8.041845      17.086335            nan            nan
        14      -9.456098      18.457161            nan            nan
        15      -9.731492      18.778201            nan            nan
        16     -10.936203      19.797118            nan            nan
        17     -13.855576      22.513674            nan            nan
        18     -11.825066      20.471089            nan            nan
        19     -15.109540      23.650212            nan            nan
        20     -18.717573      27.074628            nan            nan
        21     -18.373568      26.769616            nan            nan
