# Cycle: 30, status: ACC, move: None
#     Time       Orderp
         0     0.300298
         1     0.295854
         2     0.291310
         3     0.285495
         4     0.279730
         5     0.273487
         6     0.268343
         7     0.263706
         8     0.260666
         9     0.259288
        10     0.258814
        11     0.259597
        12     0.261316
        13     0.264647
        14     0.269194
        15     0.273988
        16     0.279101
        17     0.284659
        18     0.289272
        19     0.294851
        20     0.298858
        21     0.303204
