# Cycle: 1, status: ACC, move: None
#     Time      Potential        Kinetic
         0      -8.353532      17.046695            nan            nan
         1     -11.805787      20.444456            nan            nan
         2      -6.402577      15.116285            nan            nan
         3      -3.648469      12.443432            nan            nan
         4      -3.698585      12.394931            nan            nan
         5      -7.050333      15.644782            nan            nan
         6      -8.545902      17.125787            nan            nan
         7     -14.944880      23.412955            nan            nan
         8     -16.548456      24.817490            nan            nan
         9     -15.082099      23.250713            nan            nan
        10     -11.004521      19.153394            nan            nan
        11     -14.863370      22.842847            nan            nan
        12     -20.749068      28.635401            nan            nan
        13     -24.690508      32.685428            nan            nan
        14     -22.570518      30.596197            nan            nan
        15     -19.815539      27.800302            nan            nan
        16     -14.900198      23.060577            nan            nan
        17      -9.804161      18.107307            nan            nan
        18      -9.215811      17.555582            nan            nan
        19      -5.912003      14.374063            nan            nan
        20      -3.593224      12.257322            nan            nan
        21      -6.152148      14.869534            nan            nan
        22     -12.603178      21.303105            nan            nan
        23     -10.171205      18.996295            nan            nan
        24     -10.614355      19.435590            nan            nan
        25      -7.691837      16.387028            nan            nan
        26      -6.286093      14.945209            nan            nan
        27      -5.060919      13.719884            nan            nan
        28     -10.917206      19.432188            nan            nan
        29     -14.051809      22.402059            nan            nan
        30     -16.583057      24.911707            nan            nan
        31     -14.180651      22.449076            nan            nan
        32     -15.525369      23.623978            nan            nan
