# Cycle: 98, status: ACC, move: ('sh', 0.3416944862913098, 19, 10)
#     Time      Potential        Kinetic
         0      -8.018100      31.399397            nan            nan
         1      -8.483921      31.748288            nan            nan
         2      -3.939259      27.344035            nan            nan
         3       2.965927      20.619581            nan            nan
         4       1.555642      21.947440            nan            nan
         5       1.112315      22.401768            nan            nan
         6       5.261860      18.484142            nan            nan
         7       3.671667      20.121464            nan            nan
         8       1.406408      22.297241            nan            nan
         9       1.412726      22.379125            nan            nan
        10       1.358931      22.449076            nan            nan
        11      -2.780527      26.387398            nan            nan
        12      -2.932711      26.514269            nan            nan
        13       0.878612      22.870213            nan            nan
        14       1.840329      21.828992            nan            nan
        15      -1.804141      25.265942            nan            nan
        16       0.569864      22.873764            nan            nan
        17      -0.715474      24.122225            nan            nan
        18      -3.043438      26.242871            nan            nan
        19      -4.435252      27.593699            nan            nan
        20      -1.257968      24.523947            nan            nan
        21      -2.621039      25.788005            nan            nan
        22      -4.721693      27.681468            nan            nan
        23      -3.533889      26.548313            nan            nan
        24      -0.955614      24.035825            nan            nan
        25      -4.750637      27.642290            nan            nan
        26      -5.186410      28.052245            nan            nan
        27      -3.770831      26.793499            nan            nan
        28      -3.731245      26.731104            nan            nan
        29      -7.113853      30.016515            nan            nan
        30      -4.846813      27.922045            nan            nan
        31      -2.454119      25.626019            nan            nan
        32      -7.328709      30.317104            nan            nan
        33      -6.462672      29.458931            nan            nan
        34      -2.387186      25.605155            nan            nan
        35      -0.943213      24.193963            nan            nan
        36      -1.730775      24.974166            nan            nan
        37       3.489164      19.966899            nan            nan
        38       4.583291      18.986086            nan            nan
        39       1.755825      21.680378            nan            nan
        40       2.006989      21.504479            nan            nan
        41       4.624461      19.124990            nan            nan
        42       3.122318      20.644064            nan            nan
        43       0.017274      23.735280            nan            nan
        44       2.177174      21.730797            nan            nan
        45       0.973270      22.915952            nan            nan
        46      -4.514520      28.222932            nan            nan
        47      -4.807232      28.545835            nan            nan
