# Preparing propagation with AMS engine
# Trajectory label: 032_57451_6_trajF
# Initial file: /home/konrad/opt/infretis_new/infretis/examples/ams/water_dimer_many_workers/worker23/032_57451_6_conf.rkf
# Initial config: /home/konrad/opt/infretis_new/infretis/examples/ams/water_dimer_many_workers/worker23/032_57451_6_conf.rkf
# Initial order parameter: 0.4530062348254272
0 0.4530062348254272
1 0.44929965028629115
2 0.4454052366071877
3 0.4423772682075614
4 0.43878680539008263
5 0.43614906168256745
6 0.4333909098027702
7 0.4312883136802706
8 0.4289849530019624
9 0.4277367849460854
10 0.42574598333331076
11 0.4249982941558748
12 0.4232837277033733
13 0.4227852346018503
14 0.42102162566066387
15 0.42031942435073943
16 0.41862147265021404
17 0.41734774209347164
18 0.4152571811814381
19 0.4139980797283741
20 0.41126376865456904
21 0.40973690834774634
22 0.4075503672483208
23 0.4053518791584572
24 0.40363963947374715
25 0.40180994087565747
26 0.3996490440582071
27 0.39816478259412746
28 0.3960806411927449
29 0.3939512075416186
30 0.3922484660742709
31 0.38979423886090103
32 0.3875812393959816
33 0.3856201132261361
34 0.38281605785339023
35 0.38086373950024804
36 0.37839344585238677
37 0.37612024737440203
38 0.37369968053135405
39 0.37190447059165266
40 0.36902336878931635
41 0.3676793802828478
42 0.36512778531894363
43 0.3636986049348224
44 0.3616912046293738
45 0.36060016527843153
46 0.35849463597907893
47 0.357665645361854
48 0.3555258681544367
49 0.35414508556139185
50 0.3516069581664177
51 0.3494384109315374
52 0.34585803551733635
53 0.34212075817764814
54 0.3382723886760846
55 0.333627468891815
56 0.32962824303276067
57 0.3264317797978461
58 0.32276945223136866
59 0.3199388898595409
60 0.3173110934164192
61 0.3137978667231025
62 0.3104975177410787
63 0.30643115983104235
64 0.30118848663663444
65 0.2957464137200243
# Propagation done.
