# Preparing propagation with AMS engine
# Trajectory label: 035_57435_6_trajB
# Initial file: /home/konrad/opt/infretis_new/infretis/examples/ams/water_dimer_many_workers/worker7/035_57435_6_conf.rkf
# Initial config: /home/konrad/opt/infretis_new/infretis/examples/ams/water_dimer_many_workers/worker7/035_57435_6_conf.rkf
# Initial order parameter: 0.4694002908728993
0 0.4694002908728993
1 0.4649761566300754
2 0.46083336413132736
3 0.4562266632010182
4 0.4511780945484742
5 0.4466515270000965
6 0.44135169357307735
7 0.43608451198027165
8 0.4313530738843935
9 0.4258334577174266
10 0.42083537487254086
11 0.41619262422279274
12 0.41099604135721995
13 0.40644337856068213
14 0.40176338742736484
15 0.3969660092647162
16 0.3919880558211875
17 0.3870957288206237
18 0.3816150930252552
19 0.3759921053248321
20 0.3697785848557762
21 0.36371441408525645
22 0.3562010166429625
23 0.3495534236498821
24 0.34153718205440264
25 0.33381126743163736
26 0.3255914845448417
27 0.31742777195283084
28 0.3088286300033943
29 0.3005143703947106
30 0.29201418666673906
# Propagation done.
