# Cycle: 90, status: ACC, move: ('wf', 9000, 2, 64)
#     Time      Potential        Kinetic
         0     -14.748112      36.985595            nan            nan
         1     -12.807254      35.121305            nan            nan
         2     -11.670626      33.962838            nan            nan
         3     -15.307942      37.484760            nan            nan
         4     -12.200590      34.492998            nan            nan
         5     -10.663843      33.004861            nan            nan
         6     -13.035791      35.179740            nan            nan
         7     -10.841426      32.981397            nan            nan
         8      -5.756987      28.115375            nan            nan
         9      -4.112658      26.486000            nan            nan
        10      -4.131580      26.519946            nan            nan
        11       0.382334      22.197569            nan            nan
        12       0.151761      22.444715            nan            nan
        13      -1.156442      23.663257            nan            nan
        14       2.181018      20.542920            nan            nan
        15       7.021326      15.921284            nan            nan
        16       4.665849      18.214074            nan            nan
        17       5.586281      17.298751            nan            nan
        18       6.801667      16.157878            nan            nan
        19       4.608334      18.205495            nan            nan
        20       3.123414      19.631105            nan            nan
        21       8.074219      14.851397            nan            nan
        22       8.027300      14.836951            nan            nan
        23       5.055601      17.557806            nan            nan
        24       5.518291      17.052024            nan            nan
        25       7.233082      15.292045            nan            nan
        26       2.773372      19.516430            nan            nan
        27       2.409244      19.818033            nan            nan
        28       5.597721      16.729344            nan            nan
        29       2.017810      20.169396            nan            nan
        30      -1.421020      23.434322            nan            nan
        31       1.129558      21.002767            nan            nan
        32      -0.241343      22.449076            nan            nan
        33      -2.693981      24.766677            nan            nan
        34      -2.477194      24.581835            nan            nan
        35      -1.110503      23.414445            nan            nan
        36       1.621066      20.687179            nan            nan
        37      -0.234723      22.498736            nan            nan
        38       4.461129      18.030027            nan            nan
        39       9.071609      13.575482            nan            nan
        40       6.762708      15.765843            nan            nan
        41       7.567202      14.990504            nan            nan
        42      12.643152      10.100276            nan            nan
        43      11.340996      11.359032            nan            nan
        44      10.206871      12.416748            nan            nan
        45      13.350731       9.430227            nan            nan
        46      14.020613       8.777661            nan            nan
        47       9.404953      13.171125            nan            nan
        48       9.807199      12.769359            nan            nan
        49      12.330778      10.375863            nan            nan
        50       9.844531      12.745704            nan            nan
        51       7.913910      14.602088            nan            nan
        52      10.274374      12.375442            nan            nan
        53       8.731338      13.860384            nan            nan
        54       3.912529      18.490576            nan            nan
        55       5.338793      17.175153            nan            nan
        56       7.784606      14.884197            nan            nan
        57       4.967450      17.581479            nan            nan
        58       3.402609      19.107373            nan            nan
        59       7.984628      14.656947            nan            nan
        60       5.025192      17.520506            nan            nan
        61       3.576076      18.814327            nan            nan
        62       6.268963      16.263679            nan            nan
        63       9.039853      13.570389            nan            nan
