# Cycle: 23, status: ACC, move: None
#     Time      Potential        Kinetic
         0     -12.859212      19.669060            nan            nan
         1     -12.219938      19.107130            nan            nan
         2     -10.245357      17.167812            nan            nan
         3      -8.456203      15.410768            nan            nan
         4      -5.687779      12.737606            nan            nan
         5      -4.096582      11.214837            nan            nan
         6      -6.514539      13.655015            nan            nan
         7      -7.511111      14.705705            nan            nan
         8     -10.188997      17.428168            nan            nan
         9     -10.519438      17.731879            nan            nan
        10     -10.792122      18.011303            nan            nan
        11     -10.671475      17.930549            nan            nan
        12     -15.321883      22.567757            nan            nan
        13     -19.742020      26.933416            nan            nan
        14     -18.591500      25.750109            nan            nan
        15     -14.750748      21.849146            nan            nan
        16     -10.148950      17.178049            nan            nan
        17      -7.640762      14.648286            nan            nan
        18      -6.759125      13.746279            nan            nan
        19      -8.800883      15.692311            nan            nan
        20     -10.525984      17.368094            nan            nan
        21     -11.217009      18.052553            nan            nan
