# Cycle: 49, status: ACC, move: ('sh', 0.3003772552718511, 3, 1)
#     Time      Potential        Kinetic
         0     -14.939628      25.518582            nan            nan
         1     -11.905135      22.449076            nan            nan
         2     -17.536005      27.904908            nan            nan
         3     -11.647670      22.142156            nan            nan
         4     -10.875825      21.487378            nan            nan
         5      -9.924487      20.376696            nan            nan
         6     -13.528900      23.862536            nan            nan
         7      -9.507842      19.944784            nan            nan
         8      -9.517433      19.863246            nan            nan
         9     -11.827592      21.986643            nan            nan
        10      -9.892763      20.108242            nan            nan
        11      -6.677673      16.940551            nan            nan
        12     -12.089292      22.177109            nan            nan
        13     -13.215883      23.283598            nan            nan
