# Preparing propagation with AMS engine
# Trajectory label: 026_57446_5_trajF
# Initial file: /home/konrad/opt/infretis_new/infretis/examples/ams/water_dimer_many_workers/worker18/026_57446_5_conf.rkf
# Initial config: /home/konrad/opt/infretis_new/infretis/examples/ams/water_dimer_many_workers/worker18/026_57446_5_conf.rkf
# Initial order parameter: 0.4829288211134766
0 0.4829288211134766
1 0.4822917725424585
2 0.4827680021571622
3 0.4832335124191177
4 0.48131123066181275
5 0.48330544238960277
6 0.48146715039676424
7 0.48160454735488956
8 0.481639547395686
9 0.48125199116182876
10 0.47993642402601566
11 0.4814680611623134
12 0.47903563861295984
13 0.47971025855887295
14 0.47922088098303156
15 0.4779473735985472
16 0.4776663624695954
17 0.47734725651018656
18 0.47523327779205354
19 0.47535429276608454
20 0.47391800148794067
21 0.4720817980269226
22 0.47192834223721214
23 0.4698731956939636
24 0.46852048540298796
25 0.46769308696658574
26 0.46595019138578725
27 0.46433588101127077
28 0.46403958743389295
29 0.4615558367724988
30 0.46106993748311187
31 0.4596735822159577
32 0.45795180700176574
33 0.45686465018617173
34 0.45569747759948287
35 0.4533902008355961
36 0.4527341420489168
37 0.4505763225687588
38 0.4484893990569342
39 0.44712176660950725
40 0.4445028108427933
41 0.4420864999939097
42 0.4402818367841404
43 0.4372695700092369
44 0.4345833780021451
45 0.4326503303032141
46 0.4288174687796326
47 0.4266249786946448
48 0.4235952993659641
# Propagation done.
