# Cycle: 7, status: ACC, move: ('wf', 9000, 2, 77)
#     Time      Potential        Kinetic
         0     -12.058719      32.113194            nan            nan
         1     -10.454588      30.485125            nan            nan
         2      -4.126415      24.279317            nan            nan
         3       0.554452      19.740899            nan            nan
         4       0.651917      19.618563            nan            nan
         5       0.538086      19.802961            nan            nan
         6       1.743372      18.753201            nan            nan
         7      -1.484157      21.958843            nan            nan
         8      -3.057290      23.516800            nan            nan
         9      -1.964626      22.561326            nan            nan
        10       2.452002      18.210604            nan            nan
        11       0.814781      19.722994            nan            nan
        12       3.075556      17.427937            nan            nan
        13       4.113620      16.403871            nan            nan
        14       2.978950      17.376939            nan            nan
        15      -0.914720      21.117929            nan            nan
        16       0.252226      19.951912            nan            nan
        17      -1.146253      21.268184            nan            nan
        18      -3.415790      23.340353            nan            nan
        19      -3.503600      23.381315            nan            nan
        20      -0.335281      20.248758            nan            nan
        21      -2.713262      22.488966            nan            nan
        22      -3.556183      23.258568            nan            nan
        23      -1.582416      21.397866            nan            nan
        24      -1.804456      21.673621            nan            nan
        25      -3.753731      23.605756            nan            nan
        26      -3.170958      23.151245            nan            nan
        27       0.024349      20.117685            nan            nan
        28      -2.021842      22.131091            nan            nan
        29      -0.082644      20.238412            nan            nan
        30       4.524982      15.841498            nan            nan
        31       7.220610      13.233586            nan            nan
        32       6.778752      13.660531            nan            nan
        33      10.257590      10.298434            nan            nan
        34      11.524742       9.112147            nan            nan
        35       9.847192      10.679341            nan            nan
        36       8.622755      11.884669            nan            nan
        37      11.048124       9.563163            nan            nan
        38       8.048623      12.484130            nan            nan
        39       5.591061      14.796983            nan            nan
        40       4.799373      15.620006            nan            nan
        41       5.108849      15.282792            nan            nan
        42       0.840961      19.361311            nan            nan
        43       0.549487      19.610264            nan            nan
        44       2.141090      18.074863            nan            nan
        45       0.025643      20.078044            nan            nan
        46      -1.398439      21.405932            nan            nan
        47      -0.536679      20.642962            nan            nan
        48       0.458838      19.652275            nan            nan
        49      -4.150537      24.133565            nan            nan
        50      -2.408620      22.449076            nan            nan
        51      -0.774232      20.941967            nan            nan
        52      -0.374468      20.491008            nan            nan
        53      -0.511792      20.612316            nan            nan
        54       4.910113      15.333470            nan            nan
        55       5.087000      15.154023            nan            nan
        56       4.249956      15.898873            nan            nan
        57       4.871592      15.352904            nan            nan
        58       5.990003      14.311736            nan            nan
        59       0.314690      19.843009            nan            nan
        60      -1.408640      21.507943            nan            nan
        61      -2.193176      22.377623            nan            nan
        62      -3.067001      23.200602            nan            nan
        63      -6.808712      26.852636            nan            nan
        64      -3.467704      23.603683            nan            nan
        65      -3.813562      23.991926            nan            nan
        66      -4.776153      24.841822            nan            nan
        67      -5.183328      25.298167            nan            nan
        68      -1.820942      22.094561            nan            nan
        69      -5.085269      25.321175            nan            nan
        70      -7.937587      28.138249            nan            nan
        71      -8.055713      28.441349            nan            nan
        72      -6.004009      26.525240            nan            nan
        73      -7.453597      27.918830            nan            nan
        74      -4.748124      25.291409            nan            nan
        75       0.621369      20.023234            nan            nan
        76       0.201435      20.354917            nan            nan
