# Cycle: 36, status: ACC, move: ('wf', 9000, 2, 70)
#     Time      Potential        Kinetic
         0      10.858996      29.348012            nan            nan
         1      10.700651      29.652876            nan            nan
         2       5.973041      34.024557            nan            nan
         3       5.468509      34.480183            nan            nan
         4      15.941309      24.084613            nan            nan
         5       8.326568      31.246907            nan            nan
         6       6.575392      32.654801            nan            nan
         7      10.714543      28.689645            nan            nan
         8      10.059547      29.152714            nan            nan
         9      -0.555942      39.236308            nan            nan
        10       2.702023      35.992412            nan            nan
        11       4.102534      34.646457            nan            nan
        12      -0.661173      39.033032            nan            nan
        13       0.198751      38.103915            nan            nan
        14      11.415748      27.320286            nan            nan
        15      10.947041      27.714345            nan            nan
        16       7.528195      31.025464            nan            nan
        17      14.394486      24.649748            nan            nan
        18      17.219797      22.148319            nan            nan
        19       9.045445      30.196377            nan            nan
        20       8.804959      30.675071            nan            nan
        21      19.238759      20.743556            nan            nan
        22      13.080992      26.815373            nan            nan
        23      12.909183      26.899621            nan            nan
        24      22.248438      17.936325            nan            nan
        25      22.417053      17.764538            nan            nan
        26      15.854231      23.855389            nan            nan
        27      18.741913      20.959459            nan            nan
        28      22.162041      17.673208            nan            nan
        29      16.359398      22.988634            nan            nan
        30      10.100577      28.845825            nan            nan
        31      15.931865      23.188124            nan            nan
        32      14.794856      24.166277            nan            nan
        33       7.021058      31.495226            nan            nan
        34      10.554087      28.102508            nan            nan
        35      14.928704      23.921101            nan            nan
        36       7.806614      30.718803            nan            nan
        37       6.533401      32.003451            nan            nan
        38      16.112060      22.976465            nan            nan
        39      14.260081      24.908368            nan            nan
        40      10.426182      28.658384            nan            nan
        41      16.127375      23.409392            nan            nan
        42      20.342167      19.496484            nan            nan
        43      12.615501      27.009628            nan            nan
        44      17.269735      22.573129            nan            nan
        45      24.323476      16.005825            nan            nan
        46      23.367756      16.802326            nan            nan
        47      17.454914      22.449076            nan            nan
        48      25.045999      15.084390            nan            nan
        49      22.637926      17.386428            nan            nan
        50      15.290792      24.218849            nan            nan
        51      15.493432      24.041791            nan            nan
        52      20.971346      18.677538            nan            nan
        53      10.576222      28.544248            nan            nan
        54       6.464636      32.279437            nan            nan
        55       9.416866      29.452710            nan            nan
        56       6.630435      31.986482            nan            nan
        57      -2.036198      40.232444            nan            nan
        58       3.633721      34.787850            nan            nan
        59       6.733201      31.865726            nan            nan
        60       0.453685      37.803853            nan            nan
        61       0.725663      37.527884            nan            nan
        62       8.365681      30.336794            nan            nan
        63       9.021418      29.686896            nan            nan
        64       4.930490      33.726231            nan            nan
        65      14.508933      24.680302            nan            nan
        66      19.904533      19.650461            nan            nan
        67      15.343349      24.080177            nan            nan
        68      17.912622      21.770531            nan            nan
        69      28.707254      11.491728            nan            nan
