# Cycle: 88, status: ACC, move: ('wf', 9000, 2, 125)
#     Time      Potential        Kinetic
         0      -1.560573      26.969135            nan            nan
         1      -8.806705      33.999333            nan            nan
         2     -11.490783      36.654301            nan            nan
         3     -11.066575      36.351090            nan            nan
         4     -12.087833      37.295778            nan            nan
         5      -8.824114      34.051024            nan            nan
         6      -2.046802      27.497087            nan            nan
         7      -2.030409      27.387149            nan            nan
         8      -6.047229      31.221337            nan            nan
         9      -2.897433      28.225215            nan            nan
        10      -2.638090      28.083558            nan            nan
        11      -5.749757      31.079265            nan            nan
        12      -5.646068      31.047386            nan            nan
        13       0.968442      24.638183            nan            nan
        14      -0.352985      25.882233            nan            nan
        15       1.176813      24.263385            nan            nan
        16       5.272797      20.351687            nan            nan
        17       7.973991      17.727879            nan            nan
        18       4.374157      21.209668            nan            nan
        19       5.665023      19.973615            nan            nan
        20       3.664263      21.984526            nan            nan
        21      -1.300752      26.736119            nan            nan
        22      -4.020141      29.442797            nan            nan
        23       0.079376      25.556453            nan            nan
        24      -1.824418      27.438201            nan            nan
        25      -2.908491      28.424475            nan            nan
        26      -2.330155      27.849969            nan            nan
        27      -3.576750      28.943847            nan            nan
        28      -5.216745      30.484675            nan            nan
        29       0.744873      24.750393            nan            nan
        30       5.054864      20.543615            nan            nan
        31       3.445985      21.985556            nan            nan
        32       5.011860      20.401241            nan            nan
        33       6.642143      18.780298            nan            nan
        34       3.576885      21.674996            nan            nan
        35       3.226224      22.050509            nan            nan
        36       7.391871      18.094300            nan            nan
        37       4.287338      21.108534            nan            nan
        38       1.250220      23.963374            nan            nan
        39       0.228395      25.064384            nan            nan
        40       1.777497      23.530762            nan            nan
        41      -4.397526      29.550377            nan            nan
        42      -3.737911      28.972750            nan            nan
        43      -0.049312      25.464564            nan            nan
        44      -3.089299      28.352277            nan            nan
        45      -6.037329      31.184017            nan            nan
        46       1.436740      23.900479            nan            nan
        47       0.909511      24.444832            nan            nan
        48      -0.319662      25.552767            nan            nan
        49       4.353695      21.036354            nan            nan
        50       6.748150      18.797220            nan            nan
        51       4.000415      21.356140            nan            nan
        52       3.390014      21.933455            nan            nan
        53       7.776343      17.792343            nan            nan
        54       7.442126      18.127571            nan            nan
        55       4.871505      20.587659            nan            nan
        56       6.374622      19.260273            nan            nan
        57       9.466998      16.240695            nan            nan
        58       2.349615      23.126263            nan            nan
        59       3.952622      21.548940            nan            nan
        60       7.554974      18.184769            nan            nan
        61       6.910069      18.752620            nan            nan
        62       2.021730      23.492224            nan            nan
        63       6.829574      18.810403            nan            nan
        64       4.795395      20.845887            nan            nan
        65       1.934190      23.477934            nan            nan
        66       0.726050      24.698800            nan            nan
        67       7.523424      18.080487            nan            nan
        68       2.989254      22.449076            nan            nan
        69       3.163461      22.117765            nan            nan
        70       7.140214      18.271368            nan            nan
        71       7.556861      17.852771            nan            nan
        72       4.078389      21.106361            nan            nan
        73       4.751134      20.453041            nan            nan
        74       4.814355      20.493435            nan            nan
        75       1.245994      23.899292            nan            nan
        76      -1.628009      26.747603            nan            nan
        77       1.198683      24.148347            nan            nan
        78       1.627814      23.716014            nan            nan
        79      -2.380639      27.512896            nan            nan
        80       0.301808      24.868322            nan            nan
        81       2.688661      22.575648            nan            nan
        82       2.813515      22.371683            nan            nan
        83       3.792738      21.481118            nan            nan
        84       8.898256      16.594273            nan            nan
        85       8.098251      17.324620            nan            nan
        86       5.053543      20.183447            nan            nan
        87       7.456187      17.889285            nan            nan
        88      10.413372      15.039678            nan            nan
        89       7.819284      17.573226            nan            nan
        90       9.335332      16.168674            nan            nan
        91      11.696740      13.959671            nan            nan
        92       7.189691      18.292724            nan            nan
        93       3.843469      21.512974            nan            nan
        94       6.815590      18.733442            nan            nan
        95       7.784189      17.846836            nan            nan
        96       4.665406      20.887269            nan            nan
        97       6.529282      19.137917            nan            nan
        98       6.590749      19.091763            nan            nan
        99       0.898530      24.538756            nan            nan
       100       0.961915      24.504065            nan            nan
       101       5.826230      19.890594            nan            nan
       102       4.690133      20.982071            nan            nan
       103       3.382947      22.170964            nan            nan
       104       5.247397      20.380253            nan            nan
       105       4.936227      20.571071            nan            nan
       106       0.749651      24.557455            nan            nan
       107       6.104444      19.387179            nan            nan
       108       9.104631      16.534652            nan            nan
       109       6.879245      18.543110            nan            nan
       110       5.633595      19.678760            nan            nan
       111       8.147597      17.226731            nan            nan
       112       4.983498      20.218081            nan            nan
       113       2.606943      22.502303            nan            nan
       114       6.476954      18.871759            nan            nan
       115       6.620353      18.747948            nan            nan
       116       1.130670      23.973473            nan            nan
       117       1.315835      23.791216            nan            nan
       118       2.977598      22.238330            nan            nan
       119      -0.305005      25.405341            nan            nan
       120       0.097037      25.070030            nan            nan
       121       3.800353      21.629644            nan            nan
       122       3.802898      21.572455            nan            nan
       123      -0.795563      25.973719            nan            nan
       124       3.740384      21.585777            nan            nan
