# Cycle: 32, status: ACC, move: ('wf', 9000, 1, 77)
#     Time      Potential        Kinetic
         0       3.877254      28.557109            nan            nan
         1       0.345111      31.980127            nan            nan
         2      -5.914415      38.050708            nan            nan
         3      -5.046134      37.400993            nan            nan
         4      -2.228878      34.773190            nan            nan
         5      -5.412156      37.769193            nan            nan
         6       2.187021      30.226265            nan            nan
         7      12.101128      20.610804            nan            nan
         8      12.859898      19.736560            nan            nan
         9      10.595146      21.868644            nan            nan
        10      15.715385      16.991203            nan            nan
        11      15.353646      17.412953            nan            nan
        12       7.675614      24.841112            nan            nan
        13       5.373599      27.216755            nan            nan
        14       6.641851      26.139193            nan            nan
        15      -2.706070      35.224109            nan            nan
        16      -7.308552      39.613880            nan            nan
        17      -0.839862      33.298874            nan            nan
        18      -1.070481      33.457436            nan            nan
        19      -2.915428      35.007893            nan            nan
        20       1.009861      31.137128            nan            nan
        21       3.737919      28.559215            nan            nan
        22       1.289944      30.741840            nan            nan
        23      -1.927261      33.815853            nan            nan
        24       3.109016      29.005423            nan            nan
        25       3.770456      28.301951            nan            nan
        26      -1.325701      33.160633            nan            nan
        27       2.738296      29.265822            nan            nan
        28       6.733016      25.487199            nan            nan
        29       2.392729      29.666306            nan            nan
        30       1.522172      30.576670            nan            nan
        31       7.073368      25.333054            nan            nan
        32       4.379549      27.994336            nan            nan
        33       1.101688      31.135465            nan            nan
        34       6.627927      25.892666            nan            nan
        35       8.943810      23.776675            nan            nan
        36       5.234401      27.289035            nan            nan
        37       5.821786      26.727506            nan            nan
        38       7.865920      24.926930            nan            nan
        39       8.078960      24.624101            nan            nan
        40       2.407016      30.120840            nan            nan
        41       5.338964      27.373199            nan            nan
        42       8.163138      24.584019            nan            nan
        43       1.121393      31.276459            nan            nan
        44       0.975965      31.376272            nan            nan
        45       8.661573      23.890687            nan            nan
        46       5.859907      26.525084            nan            nan
        47       3.591334      28.567298            nan            nan
        48       8.679600      23.628605            nan            nan
        49       9.858099      22.449076            nan            nan
        50       4.161192      27.839835            nan            nan
        51       5.448074      26.598977            nan            nan
        52      10.284516      22.018184            nan            nan
        53       6.152914      25.999482            nan            nan
        54       2.972560      29.079341            nan            nan
        55       7.011935      25.308479            nan            nan
        56       6.297130      26.065052            nan            nan
        57       0.021435      32.109021            nan            nan
        58       2.285870      29.998221            nan            nan
        59       6.198071      26.324172            nan            nan
        60       3.354557      28.989917            nan            nan
        61       1.205843      31.052451            nan            nan
        62       8.532246      23.982719            nan            nan
        63       7.921620      24.570486            nan            nan
        64       5.209112      27.034625            nan            nan
        65       7.735996      24.626035            nan            nan
        66      12.506996      19.976019            nan            nan
        67       7.216264      25.019574            nan            nan
        68       7.938819      24.246116            nan            nan
        69      12.856190      19.583131            nan            nan
        70      12.285697      20.072988            nan            nan
        71       7.738725      24.402819            nan            nan
        72      11.771408      20.517501            nan            nan
        73      12.718346      19.653366            nan            nan
        74       8.638612      23.528259            nan            nan
        75       9.530163      22.738708            nan            nan
        76      13.938951      18.610488            nan            nan
