# Cycle: 24, status: ACC, move: ('wf', 9000, 2, 41)
#     Time      Potential        Kinetic
         0      -8.660960      35.148070            nan            nan
         1      -4.072980      30.848922            nan            nan
         2      -8.042579      34.706511            nan            nan
         3     -11.771424      38.296996            nan            nan
         4      -6.930521      33.722270            nan            nan
         5      -4.051911      30.985031            nan            nan
         6      -5.997448      32.854300            nan            nan
         7      -0.512070      27.632654            nan            nan
         8       5.055609      22.375926            nan            nan
         9       2.301108      25.006603            nan            nan
        10       0.516179      26.758893            nan            nan
        11       6.765197      20.827325            nan            nan
        12       5.748327      21.872504            nan            nan
        13       1.960485      25.468637            nan            nan
        14       4.953301      22.633165            nan            nan
        15       9.970422      17.783204            nan            nan
        16       5.511527      21.993475            nan            nan
        17       5.355079      22.022482            nan            nan
        18      10.866101      16.680904            nan            nan
        19       9.059912      18.332589            nan            nan
        20       4.645024      22.449076            nan            nan
        21       9.172404      18.013874            nan            nan
        22      10.072450      17.147958            nan            nan
        23       5.862411      21.022518            nan            nan
        24       4.970011      21.820505            nan            nan
        25       9.858099      17.134660            nan            nan
        26       7.969384      18.872688            nan            nan
        27       4.150847      22.474380            nan            nan
        28       8.110198      18.701254            nan            nan
        29       9.818242      17.052327            nan            nan
        30       4.058012      22.574096            nan            nan
        31       6.184125      20.577100            nan            nan
        32      10.591613      16.459718            nan            nan
        33       7.457583      19.460356            nan            nan
        34       3.623311      23.182753            nan            nan
        35       8.947714      18.114496            nan            nan
        36       7.433353      19.642707            nan            nan
        37       3.684394      23.217081            nan            nan
        38       5.866282      21.258443            nan            nan
        39      10.785368      16.543269            nan            nan
        40       3.901296      23.160467            nan            nan
