# Cycle: 61, status: ACC, move: ('sh', 0.2585267450981896, 8, 11)
#     Time      Potential        Kinetic
         0     -15.916162      25.769799            nan            nan
         1     -15.270838      25.181375            nan            nan
         2     -13.043860      23.178689            nan            nan
         3      -9.162329      19.309699            nan            nan
         4     -11.140225      21.157099            nan            nan
         5      -6.867194      17.000684            nan            nan
         6      -8.677465      18.859267            nan            nan
         7     -14.445535      24.469572            nan            nan
         8     -17.116168      27.118340            nan            nan
         9     -10.963600      21.052973            nan            nan
        10     -10.938919      20.828538            nan            nan
        11     -12.736916      22.449076            nan            nan
        12     -12.935796      22.745586            nan            nan
        13     -14.035703      23.792645            nan            nan
        14     -15.884871      25.451531            nan            nan
        15     -15.029137      24.640350            nan            nan
        16     -14.627741      24.382981            nan            nan
        17     -20.835119      30.459993            nan            nan
        18     -20.790941      30.365694            nan            nan
        19     -15.113436      24.880069            nan            nan
        20     -11.509016      21.310036            nan            nan
        21     -11.704895      21.468228            nan            nan
        22      -8.707875      18.651918            nan            nan
