# Cycle: 61, status: ACC, move: ('sh', 0.2585267450981896, 8, 11)
#     Time       Orderp
         0     0.303061
         1     0.298816
         2     0.295261
         3     0.290211
         4     0.285983
         5     0.280693
         6     0.277009
         7     0.272204
         8     0.268548
         9     0.263804
        10     0.260850
        11     0.258527
        12     0.258966
        13     0.260312
        14     0.263790
        15     0.267884
        16     0.274022
        17     0.279820
        18     0.285991
        19     0.290651
        20     0.295665
        21     0.299454
        22     0.303579
