# Cycle: 3, status: ACC, move: ('wf', 9000, 2, 64)
#     Time      Potential        Kinetic
         0      -4.718305      33.495092            nan            nan
         1      -9.470437      38.084610            nan            nan
         2     -10.229704      38.821583            nan            nan
         3      -5.944475      34.677206            nan            nan
         4      -7.727603      36.294464            nan            nan
         5     -10.434212      38.783582            nan            nan
         6      -4.320987      32.868546            nan            nan
         7      -0.290812      29.005152            nan            nan
         8      -2.357527      30.945765            nan            nan
         9      -0.696595      29.377432            nan            nan
        10       3.839198      25.055988            nan            nan
        11       0.563299      28.185126            nan            nan
        12      -2.728138      31.354069            nan            nan
        13       0.311152      28.516266            nan            nan
        14       2.467188      26.439543            nan            nan
        15      -0.723199      29.593281            nan            nan
        16       4.859955      24.219751            nan            nan
        17       8.836522      20.326605            nan            nan
        18       5.649413      23.274472            nan            nan
        19       7.631874      21.295492            nan            nan
        20      12.932107      16.177966            nan            nan
        21      12.187405      16.854715            nan            nan
        22      10.032629      18.926082            nan            nan
        23      13.050542      16.058666            nan            nan
        24      12.204789      16.885031            nan            nan
        25       7.323708      21.539156            nan            nan
        26       6.970433      21.935388            nan            nan
        27       9.443033      19.567464            nan            nan
        28       4.847863      23.981165            nan            nan
        29       3.042827      25.678398            nan            nan
        30       5.295680      23.567939            nan            nan
        31       5.985485      22.861416            nan            nan
        32       0.859865      27.837600            nan            nan
        33       5.289236      23.506537            nan            nan
        34       4.498818      24.332173            nan            nan
        35       1.546516      27.097492            nan            nan
        36       1.642275      26.991258            nan            nan
        37       4.431928      24.374637            nan            nan
        38       3.071751      25.697279            nan            nan
        39       3.808999      24.884585            nan            nan
        40       4.102989      24.696706            nan            nan
        41       8.226018      20.598882            nan            nan
        42       4.894102      23.773716            nan            nan
        43       6.250454      22.449076            nan            nan
        44       9.608190      19.219066            nan            nan
        45       7.973810      20.794004            nan            nan
        46       4.884387      23.824791            nan            nan
        47       9.219307      19.626935            nan            nan
        48       5.877714      22.991188            nan            nan
        49       4.320017      24.436965            nan            nan
        50       5.118794      23.697088            nan            nan
        51       5.771003      23.156384            nan            nan
        52       5.484278      23.383957            nan            nan
        53       6.580325      22.264721            nan            nan
        54       7.490145      21.493136            nan            nan
        55      11.636683      17.391080            nan            nan
        56       8.893135      20.028458            nan            nan
        57       9.675468      19.293875            nan            nan
        58      13.956159      15.135254            nan            nan
        59      11.469597      17.559476            nan            nan
        60       9.559701      19.388797            nan            nan
        61      12.618664      16.424882            nan            nan
        62      10.678398      18.392888            nan            nan
        63       8.211576      20.716928            nan            nan
