# Cycle: 19, status: ACC, move: ('sh', 0.3007890721436057, 1, 30)
#     Time      Potential        Kinetic
         0     -10.525984      17.368094            nan            nan
         1     -11.217009      18.052553            nan            nan
         2     -12.349197      19.146233            nan            nan
         3     -13.173089      19.928199            nan            nan
         4     -12.519752      19.300827            nan            nan
         5     -11.435248      18.253359            nan            nan
         6     -12.155038      18.955284            nan            nan
         7     -11.853297      18.689342            nan            nan
         8     -11.449976      18.339360            nan            nan
         9     -11.911586      18.841790            nan            nan
        10     -12.568379      19.533362            nan            nan
        11      -9.557855      16.626944            nan            nan
        12     -10.082994      17.184811            nan            nan
        13      -7.164018      14.253695            nan            nan
        14      -5.584406      12.685647            nan            nan
        15      -2.192204       9.322690            nan            nan
        16      -1.378504       8.501966            nan            nan
        17      -1.283771       8.399791            nan            nan
        18      -1.867063       8.999900            nan            nan
        19      -4.516179      11.622020            nan            nan
        20      -6.246948      13.294682            nan            nan
        21      -7.760250      14.800393            nan            nan
        22      -7.294921      14.321695            nan            nan
        23      -8.997922      15.958839            nan            nan
        24     -10.205573      17.147240            nan            nan
        25     -11.221826      18.166910            nan            nan
        26     -14.188964      21.100163            nan            nan
        27     -15.648973      22.517158            nan            nan
        28     -16.417903      23.307036            nan            nan
        29     -14.594782      21.528264            nan            nan
        30     -15.525369      22.449076            nan            nan
        31     -16.134071      23.072868            nan            nan
