# Cycle: 99, status: ACC, move: ('wf', 9000, 2, 43)
#     Time      Potential        Kinetic
         0       9.567879      27.229770            nan            nan
         1      11.301147      25.711643            nan            nan
         2      10.791474      26.332292            nan            nan
         3      15.456790      22.042388            nan            nan
         4      18.901597      18.838201            nan            nan
         5      14.867387      22.783003            nan            nan
         6      17.567110      20.178293            nan            nan
         7      21.920411      15.985769            nan            nan
         8      18.890078      18.772265            nan            nan
         9      15.239547      22.131023            nan            nan
        10      17.577384      19.781250            nan            nan
        11      15.662660      21.472666            nan            nan
        12       7.929202      28.723217            nan            nan
        13       6.088981      30.323570            nan            nan
        14       5.107102      31.144341            nan            nan
        15      -0.625607      36.485672            nan            nan
        16      -3.144777      38.803267            nan            nan
        17       0.779631      34.985594            nan            nan
        18       0.110046      35.566092            nan            nan
        19      -2.654873      38.168669            nan            nan
        20       2.309068      33.451776            nan            nan
        21       7.063794      28.998809            nan            nan
        22       6.104342      29.990755            nan            nan
        23       8.608749      27.720078            nan            nan
        24      15.372706      21.400979            nan            nan
        25      16.352964      20.607444            nan            nan
        26      16.234046      20.871172            nan            nan
        27      22.585731      14.951283            nan            nan
        28      23.885143      13.825971            nan            nan
        29      19.879263      17.645733            nan            nan
        30      19.459865      18.070085            nan            nan
        31      23.387104      14.243853            nan            nan
        32      18.662049      18.749749            nan            nan
        33      17.079203      20.140782            nan            nan
        34      18.285358      18.924550            nan            nan
        35      14.434677      22.449076            nan            nan
        36       6.810280      29.583697            nan            nan
        37       7.557692      28.722112            nan            nan
        38       8.012885      28.224111            nan            nan
        39       3.931292      32.026279            nan            nan
        40       3.370974      32.519951            nan            nan
        41       6.183154      29.829076            nan            nan
        42       3.541222      32.340221            nan            nan
