# Cycle: 82, status: ACC, move: ('wf', 9000, 2, 283)
#     Time      Potential        Kinetic
         0       2.747885      33.593138            nan            nan
         1      -3.062159      39.119830            nan            nan
         2       2.019561      34.281576            nan            nan
         3       7.638542      29.001538            nan            nan
         4       3.442367      33.076359            nan            nan
         5       2.295206      34.227361            nan            nan
         6       5.174964      31.471852            nan            nan
         7       2.290607      34.121232            nan            nan
         8       1.422392      34.886851            nan            nan
         9       9.429400      27.198353            nan            nan
        10      11.465914      25.242283            nan            nan
        11       8.071346      28.362082            nan            nan
        12       5.819783      30.539201            nan            nan
        13       6.095721      30.228572            nan            nan
        14      -0.528139      36.592912            nan            nan
        15       0.682143      35.396511            nan            nan
        16       4.755788      31.569326            nan            nan
        17       5.209334      31.047950            nan            nan
        18       1.810716      34.129270            nan            nan
        19       1.784478      34.057175            nan            nan
        20       1.069013      34.704591            nan            nan
        21      -0.067252      35.699106            nan            nan
        22       1.394223      34.329105            nan            nan
        23       3.366554      32.506168            nan            nan
        24       2.671207      33.062997            nan            nan
        25      -1.439188      36.970497            nan            nan
        26       0.256608      35.337113            nan            nan
        27       3.102501      32.515137            nan            nan
        28       2.016793      33.553689            nan            nan
        29       5.219166      30.490681            nan            nan
        30      10.358909      25.537292            nan            nan
        31       9.035510      26.787583            nan            nan
        32       8.259336      27.543058            nan            nan
        33      12.027925      23.960938            nan            nan
        34      13.640845      22.449076            nan            nan
        35      10.928704      25.150114            nan            nan
        36      13.455232      22.790668            nan            nan
        37      14.774360      21.603522            nan            nan
        38      11.090908      25.164474            nan            nan
        39       7.801954      28.419965            nan            nan
        40      13.626979      22.834380            nan            nan
        41      11.996664      24.525289            nan            nan
        42      10.057415      26.357849            nan            nan
        43      13.413995      23.122222            nan            nan
        44      15.650457      20.975420            nan            nan
        45      11.192098      25.212722            nan            nan
        46      11.972594      24.373915            nan            nan
        47      15.378518      21.230798            nan            nan
        48      16.270040      20.337553            nan            nan
        49      11.426034      24.950413            nan            nan
        50      11.364855      24.992849            nan            nan
        51       9.233694      27.055725            nan            nan
        52       4.525111      31.469138            nan            nan
        53       2.686573      33.332653            nan            nan
        54       9.353279      26.924995            nan            nan
        55       7.065770      29.068876            nan            nan
        56       2.646596      33.157622            nan            nan
        57       3.910343      31.898451            nan            nan
        58       5.522766      30.271106            nan            nan
        59       0.622015      34.945866            nan            nan
        60       1.064089      34.511480            nan            nan
        61       4.720917      31.036419            nan            nan
        62       2.523079      33.100484            nan            nan
        63      -0.458371      35.890254            nan            nan
        64       3.165564      32.419466            nan            nan
        65       6.509970      29.190609            nan            nan
        66       3.649282      31.934164            nan            nan
        67       5.733480      29.904013            nan            nan
        68       8.448047      27.386285            nan            nan
        69       8.667170      27.144983            nan            nan
        70       5.970072      29.836078            nan            nan
        71      11.540154      24.555744            nan            nan
        72      11.778114      24.462604            nan            nan
        73       9.368019      26.757666            nan            nan
        74       9.618380      26.618657            nan            nan
        75      16.689474      19.804594            nan            nan
        76      15.261614      21.251579            nan            nan
        77      18.179941      18.393678            nan            nan
        78      22.561518      14.250318            nan            nan
        79      22.349310      14.393634            nan            nan
        80      17.315968      19.199796            nan            nan
        81      21.476829      15.190533            nan            nan
        82      24.211608      12.617228            nan            nan
        83      20.470593      16.148695            nan            nan
        84      18.595138      17.942078            nan            nan
        85      20.545068      16.054570            nan            nan
        86      13.255987      23.049454            nan            nan
        87       7.758732      28.265708            nan            nan
        88       9.666805      26.534441            nan            nan
        89       9.241944      26.955625            nan            nan
        90       2.696647      33.173417            nan            nan
        91       3.742220      32.088377            nan            nan
        92       4.019845      31.844289            nan            nan
        93      -0.829716      36.347480            nan            nan
        94      -3.458064      38.853030            nan            nan
        95       3.077679      32.651028            nan            nan
        96       3.794124      31.889823            nan            nan
        97      -1.004098      36.382218            nan            nan
        98       3.401471      32.085302            nan            nan
        99       7.307876      28.281451            nan            nan
       100       2.579935      32.750630            nan            nan
       101       5.055747      30.419047            nan            nan
       102      13.343598      22.542492            nan            nan
       103       9.813348      25.960349            nan            nan
       104       6.155883      29.464983            nan            nan
       105      12.306358      23.660282            nan            nan
       106      11.687705      24.372794            nan            nan
       107       6.100354      29.766081            nan            nan
       108       8.759199      27.400693            nan            nan
       109      13.867358      22.646709            nan            nan
       110       7.165634      29.124497            nan            nan
       111       6.268443      29.955143            nan            nan
       112      11.642531      24.946631            nan            nan
       113      13.223591      23.355132            nan            nan
       114       8.565806      27.845839            nan            nan
       115      15.623962      21.109104            nan            nan
       116      17.971374      18.896262            nan            nan
       117      11.697332      24.789885            nan            nan
       118      12.359150      24.121903            nan            nan
       119      19.037938      17.734905            nan            nan
       120      17.550337      19.027460            nan            nan
       121      14.087953      22.247994            nan            nan
       122      19.609927      16.943246            nan            nan
       123      21.763231      14.719651            nan            nan
       124      13.199551      22.826973            nan            nan
       125      15.407206      20.637239            nan            nan
       126      20.933428      15.297733            nan            nan
       127      14.341116      21.543272            nan            nan
       128       9.893291      25.730629            nan            nan
       129      15.628320      20.222613            nan            nan
       130      12.259889      23.485401            nan            nan
       131       4.561166      30.809675            nan            nan
       132       7.125053      28.388657            nan            nan
       133       8.772609      26.964249            nan            nan
       134       3.343176      32.112930            nan            nan
       135       1.281954      34.130612            nan            nan
       136       8.385316      27.440030            nan            nan
       137       8.443172      27.353581            nan            nan
       138       3.042109      32.463604            nan            nan
       139       8.425038      27.327261            nan            nan
       140      14.775765      21.267211            nan            nan
       141      10.708521      25.164645            nan            nan
       142      12.040341      23.947786            nan            nan
       143      19.714138      16.708163            nan            nan
       144      16.533830      19.774263            nan            nan
       145       9.040096      26.961459            nan            nan
       146      14.461207      21.837093            nan            nan
       147      17.255752      19.320736            nan            nan
       148      12.652184      23.778739            nan            nan
       149      12.935063      23.632337            nan            nan
       150      15.674829      21.094371            nan            nan
       151       8.772215      27.636660            nan            nan
       152       4.867543      31.329315            nan            nan
       153      14.161842      22.449668            nan            nan
       154      18.978573      17.772907            nan            nan
       155      14.254656      22.196411            nan            nan
       156      16.264632      20.246900            nan            nan
       157      20.450311      16.139616            nan            nan
       158      12.345176      23.880366            nan            nan
       159      12.334958      23.827794            nan            nan
       160      20.307072      16.211598            nan            nan
       161      18.762021      17.625624            nan            nan
       162      12.126482      23.885188            nan            nan
       163      15.965819      20.153981            nan            nan
       164      15.812481      20.343501            nan            nan
       165       9.391892      26.434906            nan            nan
       166       8.635391      27.222766            nan            nan
       167      12.842961      23.236752            nan            nan
       168       6.077352      29.695916            nan            nan
       169       1.329944      34.189690            nan            nan
       170       4.373288      31.348306            nan            nan
       171       5.304411      30.398004            nan            nan
       172      -0.989379      36.439666            nan            nan
       173       3.692593      31.937942            nan            nan
       174       7.444073      28.326793            nan            nan
       175       2.412871      33.047059            nan            nan
       176       0.885942      34.496744            nan            nan
       177       8.779166      26.912246            nan            nan
       178       6.497531      29.208324            nan            nan
       179       4.979974      30.652252            nan            nan
       180       9.827239      26.127695            nan            nan
       181      11.146832      24.964642            nan            nan
       182       6.298887      29.592731            nan            nan
       183       6.536844      29.418844            nan            nan
       184      10.660048      25.652169            nan            nan
       185      12.758108      23.623884            nan            nan
       186       9.658100      26.702882            nan            nan
       187      13.884811      22.721672            nan            nan
       188      18.291318      18.402419            nan            nan
       189      11.191245      25.282824            nan            nan
       190      14.645558      21.879402            nan            nan
       191      19.799545      16.992492            nan            nan
       192      18.471709      18.295131            nan            nan
       193      15.342209      21.267164            nan            nan
       194      16.892160      19.737675            nan            nan
       195      12.123218      24.439530            nan            nan
       196      11.103406      25.280817            nan            nan
       197       9.739521      26.672838            nan            nan
       198      12.732056      23.793044            nan            nan
       199      11.882023      24.470042            nan            nan
       200       7.549563      28.549416            nan            nan
       201       7.249176      28.765415            nan            nan
       202       8.591441      27.381966            nan            nan
       203       6.798413      29.093731            nan            nan
       204       7.351535      28.532996            nan            nan
       205       9.367440      26.483960            nan            nan
       206       6.003051      29.676157            nan            nan
       207       4.001053      31.503995            nan            nan
       208       4.946469      30.567553            nan            nan
       209       5.108595      30.464893            nan            nan
       210       4.231581      31.344915            nan            nan
       211       5.524913      30.099487            nan            nan
       212       5.009585      30.647796            nan            nan
       213       3.095100      32.459953            nan            nan
       214       2.256686      33.234105            nan            nan
       215       2.720756      32.944696            nan            nan
       216       4.696392      31.129816            nan            nan
       217       5.045642      30.863299            nan            nan
       218       4.203529      31.785738            nan            nan
       219       6.035114      30.009025            nan            nan
       220       4.323816      31.612987            nan            nan
       221       5.084167      30.872244            nan            nan
       222       8.919014      27.269540            nan            nan
       223      11.959880      24.375462            nan            nan
       224      12.556886      23.790869            nan            nan
       225      12.456768      23.899012            nan            nan
       226      15.304214      21.073560            nan            nan
       227      14.709873      21.593580            nan            nan
       228      16.234021      20.097659            nan            nan
       229      18.654760      17.816047            nan            nan
       230      18.910723      17.578513            nan            nan
       231      15.171487      21.211068            nan            nan
       232      13.489259      22.865559            nan            nan
       233      13.701124      22.687442            nan            nan
       234      11.108051      25.223944            nan            nan
       235       8.956351      27.320598            nan            nan
       236      10.603598      25.684335            nan            nan
       237       6.282049      29.953430            nan            nan
       238       4.720001      31.348448            nan            nan
       239       3.485385      32.545588            nan            nan
       240       5.251891      30.879388            nan            nan
       241       6.093988      30.004333            nan            nan
       242       5.403760      30.574841            nan            nan
       243       6.392250      29.619474            nan            nan
       244       7.640572      28.346141            nan            nan
       245       2.780822      32.950774            nan            nan
       246       0.393703      35.280650            nan            nan
       247       5.790348      30.116375            nan            nan
       248       3.949079      32.004976            nan            nan
       249       3.541020      32.317972            nan            nan
       250       5.949178      29.999513            nan            nan
       251       6.731376      29.189795            nan            nan
       252       2.276336      33.406514            nan            nan
       253       5.266535      30.512492            nan            nan
       254      10.837239      25.330813            nan            nan
       255      10.829752      25.319828            nan            nan
       256       5.652913      30.310345            nan            nan
       257       8.288669      27.790631            nan            nan
       258       6.898897      29.190750            nan            nan
       259       2.149313      33.781773            nan            nan
       260       1.824355      34.307058            nan            nan
       261       7.705662      28.674965            nan            nan
       262      -0.338290      36.403538            nan            nan
       263      -0.305957      36.166134            nan            nan
       264       7.048277      29.017949            nan            nan
       265      10.752049      25.263845            nan            nan
       266       8.026157      27.789272            nan            nan
       267      14.394133      21.678935            nan            nan
       268      16.712410      19.550438            nan            nan
       269       8.497814      27.434245            nan            nan
       270       1.754388      34.110920            nan            nan
       271       1.597437      34.478682            nan            nan
       272      -3.085220      39.072517            nan            nan
       273      -4.499072      40.442590            nan            nan
       274       2.368237      33.931145            nan            nan
       275      10.627899      25.801712            nan            nan
       276       4.274296      31.786364            nan            nan
       277       3.778179      32.288054            nan            nan
       278       9.859985      26.525391            nan            nan
       279       2.011194      34.259590            nan            nan
       280      -5.318620      41.454760            nan            nan
       281       3.051634      33.319639            nan            nan
       282       6.161025      30.228658            nan            nan
