# Cycle: 86, status: ACC, move: None
#     Time      Potential        Kinetic
         0      -5.188806      27.222334            nan            nan
         1      -0.105539      22.449076            nan            nan
         2      -4.119551      26.399474            nan            nan
         3      -5.378389      27.761937            nan            nan
         4      -1.062853      23.813800            nan            nan
         5       0.698122      22.023508            nan            nan
         6      -4.288337      26.783926            nan            nan
         7       3.132122      19.640646            nan            nan
         8       5.028036      17.943805            nan            nan
         9      -1.278561      23.989291            nan            nan
        10      -2.453783      25.200409            nan            nan
        11       7.492448      15.553207            nan            nan
        12       4.051788      18.860935            nan            nan
        13       1.311171      21.448298            nan            nan
        14       1.044457      21.880565            nan            nan
        15      -4.622703      27.365953            nan            nan
        16     -15.651685      37.998189            nan            nan
        17      -8.856022      31.438740            nan            nan
        18       2.503942      20.439397            nan            nan
        19       1.497558      21.198193            nan            nan
        20       1.162213      21.344010            nan            nan
        21       6.066399      16.526070            nan            nan
