# Cycle: 57, status: ACC, move: ('wf', 9000, 2, 44)
#     Time      Potential        Kinetic
         0      -9.254233      39.587447            nan            nan
         1      -8.397570      38.818214            nan            nan
         2      -7.887145      38.286787            nan            nan
         3      -4.847922      35.212937            nan            nan
         4      -3.020881      33.420152            nan            nan
         5      -1.426239      31.778598            nan            nan
         6      -6.561068      36.729506            nan            nan
         7      -6.988098      37.117556            nan            nan
         8      -5.315579      35.474276            nan            nan
         9      -7.462229      37.502579            nan            nan
        10      -9.278494      39.212388            nan            nan
        11      -6.067879      36.031022            nan            nan
        12      -7.265676      37.160803            nan            nan
        13      -6.927935      36.702204            nan            nan
        14      -2.568144      32.392765            nan            nan
        15       1.507253      28.434404            nan            nan
        16       3.636285      26.256046            nan            nan
        17       4.936344      24.953619            nan            nan
        18       8.891742      21.107116            nan            nan
        19       9.244796      20.743668            nan            nan
        20       9.361239      20.599306            nan            nan
        21      11.805949      18.299321            nan            nan
        22      14.096660      16.098531            nan            nan
        23      11.705108      18.408529            nan            nan
        24      11.891352      18.231033            nan            nan
        25      12.689221      17.508640            nan            nan
        26      10.307261      19.824988            nan            nan
        27       8.171166      21.936706            nan            nan
        28       8.874798      21.337148            nan            nan
        29       6.854568      23.335453            nan            nan
        30       2.418298      27.620343            nan            nan
        31       2.167605      27.875383            nan            nan
        32       1.375842      28.690939            nan            nan
        33       0.223683      29.780972            nan            nan
        34       0.256787      29.790865            nan            nan
        35       3.574474      26.569082            nan            nan
        36       1.755410      28.311480            nan            nan
        37       2.931466      27.082005            nan            nan
        38       4.769593      25.357208            nan            nan
        39       7.008137      23.158354            nan            nan
        40       5.405275      24.741123            nan            nan
        41       8.262852      21.992555            nan            nan
        42       7.853263      22.449076            nan            nan
        43       6.770796      23.434094            nan            nan
