# Cycle: 57, status: ACC, move: ('wf', 9000, 2, 44)
#     Time       Orderp
         0     0.295776
         1     0.303793
         2     0.311250
         3     0.317180
         4     0.323806
         5     0.328553
         6     0.334732
         7     0.340099
         8     0.345371
         9     0.350711
        10     0.355262
        11     0.359084
        12     0.362720
        13     0.365796
        14     0.368491
        15     0.371730
        16     0.374720
        17     0.378326
        18     0.381618
        19     0.385984
        20     0.389582
        21     0.394274
        22     0.398478
        23     0.403452
        24     0.407806
        25     0.413347
        26     0.417642
        27     0.423485
        28     0.427919
        29     0.433713
        30     0.438300
        31     0.443868
        32     0.448415
        33     0.453989
        34     0.458160
        35     0.463938
        36     0.468173
        37     0.473523
        38     0.478469
        39     0.483457
        40     0.488328
        41     0.493851
        42     0.498053
        43     0.503452
