# Cycle: 21, status: ACC, move: ('wf', 9000, 2, 81)
#     Time      Potential        Kinetic
         0     -10.086529      36.712069            nan            nan
         1      -9.010138      35.639398            nan            nan
         2      -9.746188      36.320455            nan            nan
         3      -6.744025      33.435972            nan            nan
         4      -3.356267      30.214145            nan            nan
         5      -2.042925      28.993323            nan            nan
         6      -0.031306      27.147432            nan            nan
         7       3.610917      23.738425            nan            nan
         8       4.136317      23.304189            nan            nan
         9       3.593338      23.877852            nan            nan
        10       5.669859      21.963287            nan            nan
        11       7.993864      19.778461            nan            nan
        12       7.090275      20.684342            nan            nan
        13       7.642770      20.171719            nan            nan
        14       9.341942      18.531117            nan            nan
        15       7.420483      20.348478            nan            nan
        16       5.820014      21.845543            nan            nan
        17       7.357123      20.351490            nan            nan
        18       7.376866      20.317068            nan            nan
        19       5.293886      22.259783            nan            nan
        20       4.777662      22.722375            nan            nan
        21       5.408537      22.066988            nan            nan
        22       3.300860      24.043337            nan            nan
        23       3.093798      24.211781            nan            nan
        24       6.363838      21.061753            nan            nan
        25       6.837795      20.601808            nan            nan
        26       6.089325      21.261887            nan            nan
        27       6.885456      20.496667            nan            nan
        28       7.863039      19.553962            nan            nan
        29       6.379109      20.996077            nan            nan
        30       7.325182      20.125676            nan            nan
        31       9.660172      17.932549            nan            nan
        32       8.835712      18.693184            nan            nan
        33       6.785753      20.600422            nan            nan
        34       7.532135      19.829989            nan            nan
        35       7.705059      19.605410            nan            nan
        36       5.909385      21.274849            nan            nan
        37       6.455054      20.709787            nan            nan
        38       7.234683      19.915407            nan            nan
        39       4.962016      22.018995            nan            nan
        40       3.226952      23.624130            nan            nan
        41       4.427340      22.449076            nan            nan
        42       3.805993      23.037075            nan            nan
        43       1.893644      24.862966            nan            nan
        44       2.391220      24.431741            nan            nan
        45       4.430063      22.512353            nan            nan
        46       3.251837      23.711285            nan            nan
        47       4.321679      22.740284            nan            nan
        48       7.377028      19.902333            nan            nan
        49       8.384091      19.007676            nan            nan
        50       8.663252      18.809515            nan            nan
        51      12.186211      15.518108            nan            nan
        52      14.824907      13.085757            nan            nan
        53      14.705995      13.255154            nan            nan
        54      14.986869      13.063538            nan            nan
        55      17.110882      11.069373            nan            nan
        56      15.155350      12.984126            nan            nan
        57      13.657842      14.385173            nan            nan
        58      13.517001      14.523680            nan            nan
        59      13.050708      14.883530            nan            nan
        60       9.236603      18.448744            nan            nan
        61       8.378783      19.164493            nan            nan
        62       8.154729      19.274887            nan            nan
        63       4.510696      22.643053            nan            nan
        64       1.184286      25.713215            nan            nan
        65      -0.014770      26.797159            nan            nan
        66      -2.571682      29.207558            nan            nan
        67      -6.369432      32.855118            nan            nan
        68      -6.480530      33.008299            nan            nan
        69      -7.328441      33.899518            nan            nan
        70      -9.137002      35.628281            nan            nan
        71     -10.058936      36.548315            nan            nan
        72      -6.568358      33.239416            nan            nan
        73      -5.503322      32.297668            nan            nan
        74      -4.616651      31.510194            nan            nan
        75      -3.032747      30.159170            nan            nan
        76      -0.545395      27.908579            nan            nan
        77      -2.304135      29.823430            nan            nan
        78      -1.545160      29.274378            nan            nan
        79      -1.868325      29.806410            nan            nan
        80      -4.172490      32.102765            nan            nan
