# Cycle: 69, status: ACC, move: ('sh', 0.3095831552153423, 21, 6)
#     Time      Potential        Kinetic
         0     -17.302687      29.693068            nan            nan
         1     -16.088888      28.453873            nan            nan
         2     -14.652488      27.066060            nan            nan
         3     -10.306980      22.911741            nan            nan
         4     -10.007951      22.631406            nan            nan
         5     -11.715765      24.304088            nan            nan
         6      -9.704362      22.449076            nan            nan
         7      -8.889908      21.701237            nan            nan
         8     -11.884635      24.541342            nan            nan
         9     -12.027780      24.664288            nan            nan
        10      -6.247893      18.996082            nan            nan
        11      -7.609081      20.254213            nan            nan
        12      -8.102709      20.602308            nan            nan
        13      -7.425511      19.988717            nan            nan
        14      -8.065700      20.565653            nan            nan
        15     -14.302340      26.583059            nan            nan
        16     -15.044568      27.275362            nan            nan
        17     -13.699951      25.992798            nan            nan
