# Cycle: 69, status: ACC, move: ('sh', 0.3095831552153423, 21, 6)
#     Time       Orderp
         0     0.299238
         1     0.301821
         2     0.303869
         3     0.304855
         4     0.307341
         5     0.308493
         6     0.309583
         7     0.311536
         8     0.311627
         9     0.311773
        10     0.311811
        11     0.310377
        12     0.308948
        13     0.308249
        14     0.305271
        15     0.304210
        16     0.301650
        17     0.298652
