# Cycle: 39, status: ACC, move: ('sh', 0.32398169932547954, 16, 12)
#     Time      Potential        Kinetic
         0      -9.456279      33.487397            nan            nan
         1     -11.573403      35.488287            nan            nan
         2     -13.355467      37.247852            nan            nan
         3     -14.256061      38.149824            nan            nan
         4     -13.355103      37.326825            nan            nan
         5     -11.112026      35.217317            nan            nan
         6      -9.578046      33.784052            nan            nan
         7      -9.284889      33.612885            nan            nan
         8      -6.653108      31.215649            nan            nan
         9      -6.114413      30.909745            nan            nan
        10      -3.969897      28.958995            nan            nan
        11      -2.478299      27.655439            nan            nan
        12       2.905183      22.449076            nan            nan
        13       3.399545      22.033433            nan            nan
        14       5.557166      19.876470            nan            nan
        15       5.163723      20.277525            nan            nan
        16       5.659582      19.720496            nan            nan
        17       2.044714      23.174876            nan            nan
        18       2.559061      22.510976            nan            nan
        19       0.611318      24.291049            nan            nan
        20      -0.535437      25.211821            nan            nan
        21      -3.292217      27.765644            nan            nan
        22      -3.993912      28.348484            nan            nan
        23      -6.874115      31.092226            nan            nan
        24     -10.068189      34.097575            nan            nan
        25     -11.324863      35.266333            nan            nan
        26     -10.136584      34.088045            nan            nan
        27      -8.207592      32.181268            nan            nan
        28      -5.821246      29.900311            nan            nan
        29      -2.797316      27.024449            nan            nan
        30      -2.341288      26.701888            nan            nan
        31      -2.610442      27.086736            nan            nan
        32      -4.267023      28.902576            nan            nan
        33      -2.026080      26.852033            nan            nan
        34      -3.783556      28.715438            nan            nan
        35      -2.385613      27.404374            nan            nan
        36      -1.618599      26.764814            nan            nan
        37      -1.617331      26.773639            nan            nan
        38      -6.865532      31.927478            nan            nan
