# Cycle: 39, status: ACC, move: ('sh', 0.32398169932547954, 16, 12)
#     Time       Orderp
         0     0.297299
         1     0.300208
         2     0.302538
         3     0.305716
         4     0.307928
         5     0.309870
         6     0.312913
         7     0.314890
         8     0.317184
         9     0.320103
        10     0.321297
        11     0.322944
        12     0.323982
        13     0.324468
        14     0.324612
        15     0.325761
        16     0.324839
        17     0.325777
        18     0.324962
        19     0.324974
        20     0.324462
        21     0.324981
        22     0.324532
        23     0.325783
        24     0.325955
        25     0.326713
        26     0.326940
        27     0.326328
        28     0.325324
        29     0.324142
        30     0.321181
        31     0.319725
        32     0.316295
        33     0.313231
        34     0.310378
        35     0.307607
        36     0.304255
        37     0.302983
        38     0.299996
