# Cycle: 97, status: ACC, move: ('sh', 0.2780615526044096, 24, 8)
#     Time      Potential        Kinetic
         0      -9.229372      14.771504            nan            nan
         1     -11.546174      16.982058            nan            nan
         2     -14.640782      20.068852            nan            nan
         3     -11.701909      17.272152            nan            nan
         4     -12.780005      18.297796            nan            nan
         5     -14.295781      19.621394            nan            nan
         6     -14.115819      19.449659            nan            nan
         7     -12.183434      17.567766            nan            nan
         8     -17.211236      22.449076            nan            nan
         9     -17.487117      22.655922            nan            nan
        10     -14.772321      20.038018            nan            nan
        11     -13.451691      18.713721            nan            nan
        12     -14.677777      19.943247            nan            nan
        13     -15.035066      20.471097            nan            nan
        14     -16.005102      21.458978            nan            nan
        15     -18.002962      23.282923            nan            nan
        16     -13.695313      19.019008            nan            nan
        17      -8.244609      13.809965            nan            nan
        18      -8.813414      14.423837            nan            nan
        19     -12.722209      18.321327            nan            nan
        20      -9.156786      14.956800            nan            nan
        21      -8.960847      14.869484            nan            nan
        22      -9.483464      15.322448            nan            nan
        23      -9.614541      15.461267            nan            nan
        24      -7.811838      13.663000            nan            nan
        25     -11.896297      17.560139            nan            nan
        26     -12.342159      17.896203            nan            nan
        27     -12.370878      17.964744            nan            nan
        28     -12.736639      18.225686            nan            nan
