# Cycle: 97, status: ACC, move: ('sh', 0.2780615526044096, 24, 8)
#     Time       Orderp
         0     0.300978
         1     0.299653
         2     0.297736
         3     0.294640
         4     0.292466
         5     0.287951
         6     0.284793
         7     0.281347
         8     0.278062
         9     0.275052
        10     0.273243
        11     0.269800
        12     0.268880
        13     0.266791
        14     0.265471
        15     0.264054
        16     0.264185
        17     0.264751
        18     0.268138
        19     0.270869
        20     0.275958
        21     0.279740
        22     0.284836
        23     0.288200
        24     0.292790
        25     0.294912
        26     0.297844
        27     0.299358
        28     0.300065
