# Cycle: 50, status: ACC, move: ('wf', 9000, 1, 64)
#     Time      Potential        Kinetic
         0       0.683977      45.834831            nan            nan
         1       9.100888      37.705708            nan            nan
         2       9.250580      37.428951            nan            nan
         3       1.374838      44.856920            nan            nan
         4       4.930097      41.321259            nan            nan
         5       2.307581      43.842063            nan            nan
         6      -3.929681      49.568235            nan            nan
         7      -4.507015      50.075167            nan            nan
         8       4.589872      41.242757            nan            nan
         9       0.078483      45.499695            nan            nan
        10      -1.798808      47.103820            nan            nan
        11       3.814672      41.761574            nan            nan
        12       5.919960      39.726139            nan            nan
        13      -1.236361      46.622964            nan            nan
        14       4.699221      40.965877            nan            nan
        15       8.812929      37.265564            nan            nan
        16       7.191262      38.726947            nan            nan
        17       3.462567      42.406994            nan            nan
        18      13.054236      33.243355            nan            nan
        19      12.586433      33.752727            nan            nan
        20       8.620835      37.473579            nan            nan
        21      12.490955      33.829856            nan            nan
        22      17.330666      29.166835            nan            nan
        23      10.665040      35.455108            nan            nan
        24       9.708972      36.304403            nan            nan
        25      15.356502      30.896985            nan            nan
        26      13.460390      32.573146            nan            nan
        27       6.859595      38.805270            nan            nan
        28      13.338909      32.517420            nan            nan
        29      15.429625      30.466962            nan            nan
        30       9.082047      36.449140            nan            nan
        31      11.161878      34.437605            nan            nan
        32      17.294842      28.630606            nan            nan
        33      13.173835      32.541024            nan            nan
        34       9.243316      36.368071            nan            nan
        35      18.443085      27.633952            nan            nan
        36      18.536897      27.675711            nan            nan
        37      14.297124      31.723557            nan            nan
        38      18.339378      27.980057            nan            nan
        39      23.369257      23.211625            nan            nan
        40      15.893086      30.414366            nan            nan
        41      16.762732      29.604191            nan            nan
        42      24.323476      22.449076            nan            nan
        43      20.801461      25.775373            nan            nan
        44      14.714243      31.488312            nan            nan
        45      19.063529      27.264153            nan            nan
        46      17.737603      28.453055            nan            nan
        47       9.088009      36.629184            nan            nan
        48      12.087874      33.681394            nan            nan
        49      14.831843      31.047816            nan            nan
        50       7.855796      37.531897            nan            nan
        51       3.376078      41.748506            nan            nan
        52       9.719201      35.634503            nan            nan
        53       6.761354      38.462765            nan            nan
        54       3.130872      41.902768            nan            nan
        55       8.493841      36.915516            nan            nan
        56      13.521188      32.099079            nan            nan
        57       6.042417      39.342562            nan            nan
        58      10.452616      35.163096            nan            nan
        59      17.672395      28.425822            nan            nan
        60      16.480007      29.640238            nan            nan
        61      14.533612      31.681236            nan            nan
        62      23.665015      23.011192            nan            nan
        63      21.099305      25.603572            nan            nan
