# Preparing propagation with AMS engine
# Trajectory label: 022_57429_2_trajF
# Initial file: /home/konrad/opt/infretis_new/infretis/examples/ams/water_dimer_many_workers/worker1/022_57429_2_conf.rkf
# Initial config: /home/konrad/opt/infretis_new/infretis/examples/ams/water_dimer_many_workers/worker1/022_57429_2_conf.rkf
# Initial order parameter: 0.4961334145962196
0 0.4961334145962196
1 0.49535305637277766
2 0.49478563716392054
3 0.49416389164976826
4 0.49413743919889497
5 0.4932169212847144
6 0.49320485647563506
7 0.49249666046161406
8 0.4917727732546238
9 0.4913700458934453
10 0.4903921826867338
11 0.48973299575750573
12 0.4889068408685357
13 0.4881482628863514
14 0.4872613340418121
15 0.4866732799809911
16 0.4856214185934245
17 0.4852684745457042
18 0.4839826928389525
19 0.4835983255385245
20 0.4826867460367945
21 0.48165424641453236
22 0.4812662124190005
23 0.4804116586105845
24 0.47944882484521867
25 0.4792710224105278
26 0.47836293302847893
27 0.4775391495634194
28 0.47749038709472297
29 0.47622697968907735
30 0.4759763624416598
31 0.4751870549585882
32 0.4746771582639586
33 0.47391330832779993
34 0.47388987128992416
35 0.4730813929030278
36 0.4733067691671715
37 0.47283547684988747
38 0.47324744947032565
39 0.4729787290475254
40 0.4736474489554811
41 0.4738088786235177
42 0.4743130640516447
43 0.47484486408901055
44 0.4753591751407574
45 0.47542844899534525
46 0.4757018524113262
47 0.47558582452152565
48 0.47463017211611946
49 0.47442404681754174
50 0.473150455099142
51 0.4724359456147731
52 0.4714433137277008
53 0.4711076776805752
54 0.4704429666345129
55 0.4703651473867081
56 0.4707416134238207
57 0.47081925958740933
58 0.471634987079449
59 0.4725237462945304
60 0.4735034476661451
61 0.4744752107619928
62 0.47637165085139066
63 0.47696041749623475
64 0.47137109677782746
65 0.4803057419481621
66 0.481925653599792
67 0.48342074900259513
68 0.48548561935714585
69 0.48628041094692936
70 0.48874704556758886
71 0.4898758155437858
72 0.49144836817710874
73 0.49316425479114107
74 0.4944879307549747
75 0.4956321166540374
76 0.49694851222317854
77 0.4978736473261612
78 0.4984673502170338
79 0.4993641447702733
80 0.4995445338459257
81 0.5001324863166744
# Propagation done.
