# Cycle: 44, status: ACC, move: None
#     Time      Potential        Kinetic
         0     -11.693988      16.361139            nan            nan
         1      -7.153299      12.051091            nan            nan
         2     -13.464509      18.127228            nan            nan
         3     -15.790073      20.402606            nan            nan
         4     -12.232782      17.098007            nan            nan
         5     -14.074259      18.873675            nan            nan
         6     -16.985534      21.709314            nan            nan
         7      -9.592692      14.672946            nan            nan
         8      -9.945044      15.103790            nan            nan
         9     -16.940507      21.784988            nan            nan
        10     -17.416984      22.304526            nan            nan
        11     -10.644533      15.744310            nan            nan
        12     -15.091489      19.998084            nan            nan
        13     -14.991624      19.872227            nan            nan
        14     -12.607381      17.729613            nan            nan
        15     -15.918061      20.827074            nan            nan
        16     -19.847218      24.402095            nan            nan
        17     -11.440895      16.192058            nan            nan
        18     -10.174137      15.031514            nan            nan
        19     -19.402787      23.949529            nan            nan
        20     -18.690709      23.270756            nan            nan
        21     -11.106749      15.971400            nan            nan
        22     -13.766727      18.459012            nan            nan
        23     -19.205314      23.731374            nan            nan
        24     -14.203786      19.078032            nan            nan
        25     -13.862349      18.857094            nan            nan
        26     -17.173272      21.938431            nan            nan
        27     -13.004172      17.920042            nan            nan
        28      -6.812906      12.011266            nan            nan
        29     -11.617930      16.624746            nan            nan
        30     -13.906211      18.807736            nan            nan
        31      -9.944820      15.082572            nan            nan
        32     -11.348072      16.382916            nan            nan
