# Cycle: 83, status: ACC, move: ('wf', 9000, 2, 70)
#     Time      Potential        Kinetic
         0      -1.926877      21.643229            nan            nan
         1      -1.392756      21.199308            nan            nan
         2      -1.431574      21.181686            nan            nan
         3      -3.959910      23.546678            nan            nan
         4      -3.280705      22.850486            nan            nan
         5      -0.896549      20.425394            nan            nan
         6      -3.775030      23.074757            nan            nan
         7      -4.333286      23.478730            nan            nan
         8      -2.869648      21.984008            nan            nan
         9      -4.477065      23.441532            nan            nan
        10      -7.144896      25.932281            nan            nan
        11      -6.499715      25.315704            nan            nan
        12      -6.188792      25.002086            nan            nan
        13      -9.763475      28.448511            nan            nan
        14     -10.712017      29.368130            nan            nan
        15      -8.437504      27.230845            nan            nan
        16      -9.679701      28.488287            nan            nan
        17      -9.076724      27.896190            nan            nan
        18      -5.910690      24.931025            nan            nan
        19      -3.294945      22.449076            nan            nan
        20      -3.606787      22.775715            nan            nan
        21      -1.472209      20.760729            nan            nan
        22       1.880367      17.630226            nan            nan
        23       1.992218      17.559445            nan            nan
        24       1.549702      18.014063            nan            nan
        25       4.422713      15.290149            nan            nan
        26       4.378329      15.349817            nan            nan
        27       3.670103      15.928427            nan            nan
        28       4.713967      14.878352            nan            nan
        29       7.821768      11.817663            nan            nan
        30       6.724173      12.772445            nan            nan
        31       5.883471      13.479767            nan            nan
        32       6.903127      12.456885            nan            nan
        33       5.796337      13.453260            nan            nan
        34       1.967531      17.079335            nan            nan
        35       1.533265      17.508103            nan            nan
        36       1.675983      17.410943            nan            nan
        37      -1.786684      20.775273            nan            nan
        38      -4.313149      23.265531            nan            nan
        39      -3.723631      22.774810            nan            nan
        40      -5.833477      24.866863            nan            nan
        41      -7.579700      26.577943            nan            nan
        42      -5.169387      24.333716            nan            nan
        43      -1.774479      21.091487            nan            nan
        44      -2.468568      21.750577            nan            nan
        45      -1.295419      20.602605            nan            nan
        46       2.316225      17.103944            nan            nan
        47       2.153887      17.237206            nan            nan
        48       2.829317      16.524016            nan            nan
        49       5.550865      13.903963            nan            nan
        50       7.224284      12.233020            nan            nan
        51       4.125244      15.172380            nan            nan
        52       4.323878      14.957517            nan            nan
        53       4.747601      14.569423            nan            nan
        54       1.213197      17.943750            nan            nan
        55      -2.670242      21.667025            nan            nan
        56      -3.215156      22.233899            nan            nan
        57      -5.010558      24.003178            nan            nan
        58      -8.836976      27.750616            nan            nan
        59      -9.276541      28.273951            nan            nan
        60      -8.858996      27.921314            nan            nan
        61     -10.868546      29.837965            nan            nan
        62     -10.009747      29.008937            nan            nan
        63      -3.870088      23.076588            nan            nan
        64      -2.681899      21.968021            nan            nan
        65      -2.581569      21.876842            nan            nan
        66      -0.804992      20.278690            nan            nan
        67      -0.295819      19.898163            nan            nan
        68      -3.666144      23.214773            nan            nan
        69      -4.567238      24.168098            nan            nan
