# Cycle: 2, status: ACC, move: ('wf', 9000, 2, 40)
#     Time      Potential        Kinetic
         0     -10.980006      40.205837            nan            nan
         1      -7.783446      37.119975            nan            nan
         2      -8.644780      37.870291            nan            nan
         3      -6.770158      35.986494            nan            nan
         4      -1.383766      30.765848            nan            nan
         5       0.838685      28.638547            nan            nan
         6       3.551320      26.014964            nan            nan
         7       8.223395      21.540185            nan            nan
         8      10.073274      19.747327            nan            nan
         9       8.793803      20.980249            nan            nan
        10      11.228371      18.655838            nan            nan
        11      12.156786      17.876189            nan            nan
        12      10.155766      19.813062            nan            nan
        13       6.259773      23.656544            nan            nan
        14       8.863426      21.168434            nan            nan
        15       6.526233      23.519196            nan            nan
        16       5.844725      24.103760            nan            nan
        17       6.874916      23.071072            nan            nan
        18       8.333192      21.590591            nan            nan
        19       7.287577      22.449076            nan            nan
        20       8.133505      21.525421            nan            nan
        21      12.083776      17.644110            nan            nan
        22      12.035530      17.602879            nan            nan
        23      10.464016      18.985944            nan            nan
        24      11.356944      18.073260            nan            nan
        25      11.731341      17.658728            nan            nan
        26       8.987277      20.244284            nan            nan
        27       9.192612      20.025122            nan            nan
        28      10.463620      18.829226            nan            nan
        29       8.798832      20.388616            nan            nan
        30       6.150102      22.939718            nan            nan
        31       7.791730      21.386582            nan            nan
        32       7.171258      22.032724            nan            nan
        33       4.840081      24.273698            nan            nan
        34       4.376096      24.798303            nan            nan
        35       6.109457      23.168601            nan            nan
        36       3.840407      25.406961            nan            nan
        37       4.034783      25.252203            nan            nan
        38       6.595068      22.877031            nan            nan
        39       7.781299      21.748515            nan            nan
