# Preparing propagation with AMS engine
# Trajectory label: 023_57440_2_trajF
# Initial file: /home/konrad/opt/infretis_new/infretis/examples/ams/water_dimer_many_workers/worker12/023_57440_2_conf.rkf
# Initial config: /home/konrad/opt/infretis_new/infretis/examples/ams/water_dimer_many_workers/worker12/023_57440_2_conf.rkf
# Initial order parameter: 0.4237020473235336
0 0.4237020473235336
1 0.4766908423463335
2 0.4765905412558835
3 0.4775756261175868
4 0.47720964925023146
5 0.47707864049595833
6 0.4767537068752594
7 0.4761763157073001
8 0.4749456123113136
9 0.47500809325660626
10 0.4735084498019842
11 0.47413485652458104
12 0.4731364583510532
13 0.4740652727555741
14 0.474202464884711
15 0.4752137698593178
16 0.476305854804607
17 0.4781327562561446
18 0.47945316303237007
19 0.48202525301207844
20 0.4839246484980771
21 0.486376970339691
22 0.48873502566243393
23 0.49096117916053034
24 0.4934179454716311
25 0.49529173686724237
26 0.4976718471312918
27 0.49973357252819517
28 0.5016282224856433
# Propagation done.
