# Cycle: 71, status: ACC, move: ('wf', 9000, 2, 103)
#     Time      Potential        Kinetic
         0       0.667708      30.212416            nan            nan
         1      -4.459367      35.265533            nan            nan
         2      -8.222576      38.693630            nan            nan
         3       1.311440      29.543906            nan            nan
         4       9.868544      21.265079            nan            nan
         5       1.807843      29.016650            nan            nan
         6       0.214392      30.674067            nan            nan
         7       6.570595      24.709683            nan            nan
         8       2.166675      28.884766            nan            nan
         9      -3.050460      33.782904            nan            nan
        10       8.817720      22.296967            nan            nan
        11      15.601061      15.661466            nan            nan
        12       9.316335      21.493159            nan            nan
        13      11.637083      19.202283            nan            nan
        14      19.207776      11.923331            nan            nan
        15      11.366378      19.381051            nan            nan
        16       4.418425      26.009539            nan            nan
        17      10.001697      20.760418            nan            nan
        18       6.877600      23.849997            nan            nan
        19      -3.895230      34.175609            nan            nan
        20      -2.170597      32.586679            nan            nan
        21       2.212377      28.437127            nan            nan
        22      -3.502587      33.724346            nan            nan
        23      -4.606041      34.678517            nan            nan
        24       6.111632      24.405125            nan            nan
        25       6.790253      23.654931            nan            nan
        26      -0.315710      30.411310            nan            nan
        27       6.606930      23.796885            nan            nan
        28      10.384174      20.276704            nan            nan
        29       3.030504      27.270396            nan            nan
        30       1.602190      28.739944            nan            nan
        31       9.942951      20.860839            nan            nan
        32       5.734646      24.939235            nan            nan
        33       0.087896      30.356890            nan            nan
        34       7.263733      23.614167            nan            nan
        35      12.723149      18.361726            nan            nan
        36       3.716785      26.994460            nan            nan
        37       6.733210      24.076616            nan            nan
        38      14.548977      16.630630            nan            nan
        39       8.910158      22.018863            nan            nan
        40       4.529797      26.187859            nan            nan
        41      13.231908      17.880945            nan            nan
        42      12.862011      18.281983            nan            nan
        43       5.443602      25.283889            nan            nan
        44       8.873204      21.971873            nan            nan
        45      13.304058      17.782456            nan            nan
        46       7.760727      22.958159            nan            nan
        47       3.777672      26.802624            nan            nan
        48      13.312050      17.660123            nan            nan
        49       9.404926      21.448414            nan            nan
        50       3.569881      26.893619            nan            nan
        51       6.490125      24.178861            nan            nan
        52      10.889881      19.927925            nan            nan
        53       2.034807      28.419033            nan            nan
        54       3.864977      26.623468            nan            nan
        55       9.090947      21.749023            nan            nan
        56       6.942439      23.677538            nan            nan
        57      -0.595408      30.918390            nan            nan
        58       7.242891      23.347831            nan            nan
        59       7.178692      23.463442            nan            nan
        60       1.865317      28.500215            nan            nan
        61       4.008711      26.524731            nan            nan
        62       8.820420      21.935073            nan            nan
        63       1.137588      29.301280            nan            nan
        64      -0.492013      30.813424            nan            nan
        65       5.687259      24.923741            nan            nan
        66       4.060291      26.503562            nan            nan
        67       1.237584      29.176260            nan            nan
        68       5.935256      24.732922            nan            nan
        69       6.575443      24.139709            nan            nan
        70       0.811591      29.662072            nan            nan
        71       5.354331      25.286746            nan            nan
        72       9.300944      21.600231            nan            nan
        73       8.317210      22.449076            nan            nan
        74       7.997515      22.773050            nan            nan
        75      13.679271      17.341996            nan            nan
        76      11.678229      19.261428            nan            nan
        77       8.805628      21.994935            nan            nan
        78      11.300807      19.725389            nan            nan
        79      14.339362      16.774412            nan            nan
        80       7.173589      23.693234            nan            nan
        81       8.095738      22.783975            nan            nan
        82      11.408672      19.597607            nan            nan
        83       6.387811      24.401147            nan            nan
        84       3.650635      26.982015            nan            nan
        85       8.411998      22.389519            nan            nan
        86       5.905813      24.817602            nan            nan
        87       0.680620      29.757402            nan            nan
        88       1.746140      28.723330            nan            nan
        89       1.893651      28.657090            nan            nan
        90      -2.791652      33.145220            nan            nan
        91      -4.088657      34.399854            nan            nan
        92       0.598413      29.900350            nan            nan
        93      -1.283063      31.684384            nan            nan
        94      -1.472206      31.742280            nan            nan
        95       2.490625      27.969222            nan            nan
        96       4.069390      26.467044            nan            nan
        97      -1.209219      31.549253            nan            nan
        98       0.061446      30.454821            nan            nan
        99       1.403345      29.360329            nan            nan
       100      -2.395709      33.036175            nan            nan
       101      -7.082069      37.665080            nan            nan
       102      -2.960070      33.745098            nan            nan
