# Preparing propagation with AMS engine
# Trajectory label: 029_57436_4_trajF
# Initial file: /home/konrad/opt/infretis_new/infretis/examples/ams/water_dimer_many_workers/worker8/029_57436_4_conf.rkf
# Initial config: /home/konrad/opt/infretis_new/infretis/examples/ams/water_dimer_many_workers/worker8/029_57436_4_conf.rkf
# Initial order parameter: 0.4388518467192975
0 0.4388518467192975
1 0.4374271300345181
2 0.4350992635121952
3 0.433908335624668
4 0.4323004603652369
5 0.43120725680068145
6 0.4300838291243662
7 0.4294260152798861
8 0.428632784647909
9 0.42799582408298886
10 0.4275558381672443
11 0.4270177790970832
12 0.4260704742358193
13 0.4257865102171723
14 0.42456788436894133
15 0.4235776670692982
16 0.42241990456419903
17 0.4209955008258563
18 0.4188157457126655
19 0.4171817690364064
20 0.4140454510054699
21 0.4111352819338899
22 0.4077274817474376
23 0.4041349148478549
24 0.4012720030431766
25 0.39757380125986513
26 0.39587909799900534
27 0.39293114037818905
28 0.3911944262077409
29 0.38955618647691026
30 0.38792116827512346
31 0.3862635770952662
32 0.38568329084577674
33 0.3840273055710444
34 0.38355244452518966
35 0.3833190693373047
36 0.382623707002411
37 0.3831947502988829
38 0.38357466288359804
39 0.38416862286935666
40 0.3847248329411589
41 0.38548097281353455
42 0.384957569414143
43 0.38432841603550316
44 0.3314298834522652
45 0.3812966292242172
46 0.3791458922874297
47 0.37758202579477085
48 0.3748856571269607
49 0.3733296329023388
50 0.37007711409076444
51 0.36765795197132495
52 0.3639665519847975
53 0.36092134177063834
54 0.35720724844746776
55 0.3550401425966871
56 0.35173689449560275
57 0.3505080386074925
58 0.34879246047976525
59 0.34773799753233836
60 0.3465099873747875
61 0.34560007967436895
62 0.34307303368037473
63 0.34068274122444175
64 0.3369249303112834
65 0.3335947859369346
66 0.3283868488701528
67 0.3244049291095422
68 0.3181427425580987
69 0.31284921647227415
70 0.30671819760950064
71 0.3022505908856581
72 0.29749377084609435
# Propagation done.
