# Cycle: 35, status: ACC, move: None
#     Time      Potential        Kinetic
         0      -7.871622      16.669113            nan            nan
         1     -10.437298      18.944526            nan            nan
         2     -11.906457      20.266531            nan            nan
         3      -9.605239      17.985713            nan            nan
         4     -13.974220      22.107641            nan            nan
         5     -16.653993      24.564510            nan            nan
         6     -12.681227      20.709237            nan            nan
         7     -11.022229      19.073126            nan            nan
         8     -14.143323      22.008938            nan            nan
         9     -12.420227      20.397601            nan            nan
        10      -7.539771      15.805432            nan            nan
        11     -10.138475      18.409934            nan            nan
        12      -9.706784      18.073519            nan            nan
        13      -3.660274      12.414949            nan            nan
        14      -1.255732      10.187329            nan            nan
        15      -3.395825      12.290929            nan            nan
        16       0.696738       8.422407            nan            nan
        17       3.417888       5.926894            nan            nan
        18       0.087586       9.111930            nan            nan
        19      -3.070278      12.179068            nan            nan
        20       0.149878       9.074855            nan            nan
        21      -3.200075      12.236808            nan            nan
        22      -8.275064      16.968654            nan            nan
        23      -8.311544      16.945966            nan            nan
        24      -9.039919      17.574986            nan            nan
