# Cycle: 81, status: ACC, move: None
#     Time       Orderp
         0     0.303305
         1     0.299840
         2     0.297184
         3     0.294122
         4     0.289833
         5     0.287109
         6     0.283294
         7     0.279290
         8     0.276602
         9     0.272755
        10     0.269698
        11     0.268047
        12     0.266050
        13     0.265397
        14     0.266494
        15     0.266701
        16     0.268333
        17     0.270259
        18     0.271250
        19     0.274200
        20     0.277133
        21     0.280887
        22     0.285154
        23     0.290084
        24     0.294166
        25     0.298497
        26     0.301757
