# Cycle: 56, status: ACC, move: ('sh', 0.2799418347402483, 8, 6)
#     Time      Potential        Kinetic
         0      -1.035980      22.253342            nan            nan
         1       3.972014      17.564114            nan            nan
         2      -1.487279      23.021241            nan            nan
         3       0.312316      21.291312            nan            nan
         4       1.458199      20.321535            nan            nan
         5       3.475237      18.215635            nan            nan
         6      -0.993187      22.449076            nan            nan
         7       1.057937      20.351521            nan            nan
         8      -4.738611      25.991771            nan            nan
         9     -11.342982      32.251398            nan            nan
        10     -16.179591      36.976001            nan            nan
        11     -12.350345      33.126147            nan            nan
        12     -16.086377      36.528681            nan            nan
        13     -16.612703      36.806755            nan            nan
        14     -13.468446      33.799321            nan            nan
        15     -12.904603      33.313881            nan            nan
        16     -19.103908      39.420563            nan            nan
        17     -18.745598      39.206098            nan            nan
        18      -9.103879      29.952785            nan            nan
        19      -3.393828      24.483514            nan            nan
        20      -0.505509      21.763571            nan            nan
        21       0.886504      20.661601            nan            nan
        22       1.633049      20.057379            nan            nan
        23      -3.267280      24.933217            nan            nan
        24       2.999583      18.776786            nan            nan
        25       2.460627      19.305559            nan            nan
        26       1.393577      20.115715            nan            nan
        27      -3.561214      24.912572            nan            nan
