# Cycle: 56, status: ACC, move: ('sh', 0.2799418347402483, 8, 6)
#     Time       Orderp
         0     0.302892
         1     0.298765
         2     0.295828
         3     0.291628
         4     0.287794
         5     0.283613
         6     0.279942
         7     0.275849
         8     0.273380
         9     0.269734
        10     0.267213
        11     0.264016
        12     0.262453
        13     0.261249
        14     0.262607
        15     0.264744
        16     0.269185
        17     0.273061
        18     0.277370
        19     0.280842
        20     0.284403
        21     0.287176
        22     0.290826
        23     0.292769
        24     0.295310
        25     0.297283
        26     0.299043
        27     0.301264
