# Cycle: 65, status: ACC, move: ('wf', 9000, 2, 74)
#     Time      Potential        Kinetic
         0     -11.578175      33.852811            nan            nan
         1      -8.602065      30.831905            nan            nan
         2      -6.563789      28.897309            nan            nan
         3      -2.610558      25.001575            nan            nan
         4      -3.997042      26.414247            nan            nan
         5      -2.207069      24.700205            nan            nan
         6      -1.681780      24.240436            nan            nan
         7      -5.046337      27.496806            nan            nan
         8      -6.577513      28.923731            nan            nan
         9      -3.059011      25.447438            nan            nan
        10      -2.835091      25.256419            nan            nan
        11      -1.563342      23.896276            nan            nan
        12      -1.429490      23.688885            nan            nan
        13      -0.673884      22.917106            nan            nan
        14      -2.734178      24.823895            nan            nan
        15      -5.430319      27.353073            nan            nan
        16      -4.924887      26.919994            nan            nan
        17      -3.324315      25.399111            nan            nan
        18      -5.783040      27.742228            nan            nan
        19      -6.084900      27.983154            nan            nan
        20      -3.161397      25.106876            nan            nan
        21      -3.811605      25.671313            nan            nan
        22      -4.240402      26.046813            nan            nan
        23      -0.155090      22.182918            nan            nan
        24       2.618278      19.553024            nan            nan
        25      -1.002241      23.043841            nan            nan
        26      -0.796300      22.849129            nan            nan
        27       2.340172      19.882385            nan            nan
        28       1.093185      21.111159            nan            nan
        29       0.180068      22.055916            nan            nan
        30       5.480069      17.025775            nan            nan
        31       4.416203      18.132784            nan            nan
        32       1.028005      21.323326            nan            nan
        33       2.016497      20.402753            nan            nan
        34       5.086764      17.504254            nan            nan
        35       3.311695      19.188136            nan            nan
        36       3.247279      19.244679            nan            nan
        37       5.397273      17.267163            nan            nan
        38       4.724625      17.829030            nan            nan
        39      -0.948530      23.267622            nan            nan
        40       1.536542      20.906839            nan            nan
        41       4.464900      18.106128            nan            nan
        42       0.766045      21.633583            nan            nan
        43      -0.086551      22.449076            nan            nan
        44       1.316108      21.125944            nan            nan
        45      -2.543638      24.778776            nan            nan
        46      -6.212165      28.303773            nan            nan
        47      -2.121341      24.423903            nan            nan
        48       0.294335      22.056368            nan            nan
        49      -2.760892      24.878944            nan            nan
        50      -1.092207      23.211899            nan            nan
        51       1.760661      20.394965            nan            nan
        52      -1.971494      23.909804            nan            nan
        53      -1.737548      23.675616            nan            nan
        54       2.509679      19.659500            nan            nan
        55       0.416433      21.659958            nan            nan
        56      -3.574939      25.455549            nan            nan
        57      -2.144959      24.141146            nan            nan
        58      -2.061466      24.094701            nan            nan
        59      -6.609383      28.511703            nan            nan
        60      -4.319440      26.352171            nan            nan
        61      -2.373105      24.581587            nan            nan
        62      -3.949795      26.061656            nan            nan
        63      -4.892199      26.998645            nan            nan
        64      -0.295067      22.590371            nan            nan
        65      -2.364315      24.661762            nan            nan
        66      -2.933879      25.242455            nan            nan
        67      -1.552268      24.069975            nan            nan
        68      -2.664527      25.220256            nan            nan
        69      -9.965320      32.345188            nan            nan
        70      -9.947878      32.353588            nan            nan
        71      -9.623210      32.133458            nan            nan
        72      -9.362111      31.818213            nan            nan
        73      -9.307915      31.782392            nan            nan
