# Cycle: 9, status: ACC, move: ('wf', 9000, 2, 120)
#     Time      Potential        Kinetic
         0      -1.744175      36.747240            nan            nan
         1     -13.874017      48.362571            nan            nan
         2      -6.905847      41.780673            nan            nan
         3       2.862294      32.479394            nan            nan
         4      -4.472909      39.307024            nan            nan
         5      -4.082917      38.782110            nan            nan
         6      12.160183      23.101678            nan            nan
         7      10.767693      24.327414            nan            nan
         8       5.140701      29.603509            nan            nan
         9      15.547010      19.735760            nan            nan
        10      15.877700      19.532816            nan            nan
        11       0.638198      34.086896            nan            nan
        12       2.463496      32.319564            nan            nan
        13       6.799789      28.512183            nan            nan
        14       7.127608      27.889972            nan            nan
        15      -1.976091      36.565019            nan            nan
        16       7.635293      27.428338            nan            nan
        17      15.339316      19.835861            nan            nan
        18       1.452562      33.074735            nan            nan
        19       4.284212      30.300257            nan            nan
        20      16.441635      18.672677            nan            nan
        21       9.527778      25.248609            nan            nan
        22       1.643225      32.775266            nan            nan
        23      13.468927      21.515490            nan            nan
        24      14.200689      20.901594            nan            nan
        25       2.773432      31.755154            nan            nan
        26       4.991350      29.729636            nan            nan
        27      15.766828      19.458930            nan            nan
        28       6.009765      28.797453            nan            nan
        29       2.302990      32.274161            nan            nan
        30      13.656847      21.512203            nan            nan
        31      14.358263      20.777333            nan            nan
        32       2.077219      32.525338            nan            nan
        33      11.234188      23.747440            nan            nan
        34      16.959401      18.418144            nan            nan
        35       7.310527      27.490533            nan            nan
        36       2.721137      31.848664            nan            nan
        37      13.461956      21.599891            nan            nan
        38      10.122666      24.786291            nan            nan
        39       3.239537      31.337979            nan            nan
        40      11.908782      23.185862            nan            nan
        41      14.418882      20.776301            nan            nan
        42       0.635508      33.821556            nan            nan
        43       2.128392      32.319584            nan            nan
        44      12.240370      22.715097            nan            nan
        45       7.876671      26.852931            nan            nan
        46       5.931874      28.694229            nan            nan
        47      15.067322      20.077753            nan            nan
        48      12.540831      22.408986            nan            nan
        49       0.057628      34.312142            nan            nan
        50      10.353106      24.433164            nan            nan
        51      15.094206      20.089450            nan            nan
        52       8.616464      26.204322            nan            nan
        53       9.492396      25.441792            nan            nan
        54      18.151815      17.215917            nan            nan
        55       8.850569      26.102195            nan            nan
        56       4.892186      29.779272            nan            nan
        57      17.054479      18.223512            nan            nan
        58      19.255465      16.097528            nan            nan
        59       9.787171      25.076173            nan            nan
        60      16.398991      18.692284            nan            nan
        61      19.338336      15.977868            nan            nan
        62      10.376109      24.416268            nan            nan
        63       8.700863      26.042699            nan            nan
        64      19.969092      15.335181            nan            nan
        65      15.795410      19.266923            nan            nan
        66       6.009393      28.583382            nan            nan
        67      14.319482      20.630784            nan            nan
        68      15.349459      19.713900            nan            nan
        69       5.617377      28.934279            nan            nan
        70       7.182091      27.552213            nan            nan
        71      17.920359      17.299291            nan            nan
        72       8.382863      26.461127            nan            nan
        73       4.639360      29.928189            nan            nan
        74      12.913604      22.108917            nan            nan
        75      13.797200      21.215533            nan            nan
        76       3.333067      31.283540            nan            nan
        77      12.487955      22.525214            nan            nan
        78      15.718811      19.583728            nan            nan
        79       6.587342      28.180573            nan            nan
        80       2.982454      31.635270            nan            nan
        81      12.584303      22.442732            nan            nan
        82       5.877735      28.923316            nan            nan
        83       2.551037      32.012105            nan            nan
        84      10.346276      24.662951            nan            nan
        85      11.507497      23.458607            nan            nan
        86       0.841066      33.529905            nan            nan
        87       5.805640      28.720399            nan            nan
        88      12.218435      22.630022            nan            nan
        89       5.017365      29.476514            nan            nan
        90       3.566635      30.924047            nan            nan
        91      12.513749      22.449076            nan            nan
        92       6.999231      27.724324            nan            nan
        93      -2.147908      36.505738            nan            nan
        94       8.262587      26.577657            nan            nan
        95      11.026196      24.055609            nan            nan
        96       3.647694      31.090882            nan            nan
        97       8.463907      26.525182            nan            nan
        98      16.720948      18.685163            nan            nan
        99       8.613265      26.419874            nan            nan
       100       5.719599      29.181929            nan            nan
       101      16.997112      18.471542            nan            nan
       102      15.316736      20.116138            nan            nan
       103       5.210721      29.832026            nan            nan
       104      11.616880      23.744768            nan            nan
       105      13.866562      21.613183            nan            nan
       106       1.485643      33.397013            nan            nan
       107       0.923220      33.943403            nan            nan
       108      13.003130      22.348532            nan            nan
       109       5.394463      29.624528            nan            nan
       110      -2.410559      37.007520            nan            nan
       111       5.039440      29.887487            nan            nan
       112       3.073730      31.805118            nan            nan
       113      -8.626563      42.952168            nan            nan
       114      -6.064601      40.622015            nan            nan
       115       5.473826      29.586076            nan            nan
       116      -5.393007      39.994173            nan            nan
       117     -10.433689      44.737149            nan            nan
       118      -2.699826      37.394613            nan            nan
       119     -10.836960      45.397097            nan            nan
