# Cycle: 48, status: ACC, move: ('wf', 9000, 2, 35)
#     Time      Potential        Kinetic
         0      -7.455052      39.766900            nan            nan
         1      -5.114067      37.362907            nan            nan
         2      -3.223836      35.463201            nan            nan
         3      -3.556846      35.675709            nan            nan
         4      -3.364781      35.386124            nan            nan
         5      -2.606408      34.605364            nan            nan
         6      -4.084293      35.928343            nan            nan
         7      -6.598916      38.284163            nan            nan
         8      -4.193587      35.897500            nan            nan
         9      -3.541714      35.276657            nan            nan
        10      -2.291637      33.968863            nan            nan
        11      -1.874225      33.582578            nan            nan
        12       1.787748      30.023580            nan            nan
        13       1.258664      30.559652            nan            nan
        14       1.660274      30.188412            nan            nan
        15       2.951262      29.028147            nan            nan
        16       3.941241      28.120466            nan            nan
        17       1.560596      30.506888            nan            nan
        18       3.586184      28.585677            nan            nan
        19       4.763504      27.526871            nan            nan
        20       5.180286      27.104611            nan            nan
        21       5.686744      26.588920            nan            nan
        22       8.484830      23.854717            nan            nan
        23       9.094803      23.227925            nan            nan
        24       9.223538      23.032626            nan            nan
        25      10.384410      21.898114            nan            nan
        26      11.437556      20.865059            nan            nan
        27      10.349533      21.863392            nan            nan
        28       9.411847      22.769870            nan            nan
        29      10.592795      21.633461            nan            nan
        30       9.740765      22.449076            nan            nan
        31       8.314927      23.837529            nan            nan
        32       8.990538      23.218760            nan            nan
        33       9.539646      22.693412            nan            nan
        34       6.772791      25.395650            nan            nan
