# Cycle: 48, status: ACC, move: ('wf', 9000, 2, 35)
#     Time       Orderp
         0     0.298098
         1     0.306697
         2     0.315487
         3     0.323013
         4     0.330963
         5     0.338869
         6     0.345087
         7     0.352279
         8     0.358336
         9     0.364035
        10     0.369945
        11     0.375786
        12     0.380835
        13     0.387577
        14     0.392509
        15     0.399068
        16     0.404965
        17     0.410816
        18     0.416471
        19     0.422627
        20     0.427129
        21     0.432791
        22     0.437785
        23     0.442169
        24     0.447799
        25     0.452362
        26     0.457533
        27     0.462930
        28     0.468229
        29     0.473215
        30     0.479563
        31     0.484105
        32     0.490161
        33     0.495601
        34     0.500666
