# Cycle: 78, status: ACC, move: ('wf', 9000, 1, 87)
#     Time      Potential        Kinetic
         0      10.204979      19.981887            nan            nan
         1       0.745618      29.355561            nan            nan
         2      -5.901919      35.823054            nan            nan
         3     -13.992501      43.775028            nan            nan
         4      -5.014605      34.771861            nan            nan
         5      -3.204328      32.807278            nan            nan
         6       3.011751      26.532606            nan            nan
         7       4.221602      25.220187            nan            nan
         8       4.825872      24.575393            nan            nan
         9       3.341169      26.013013            nan            nan
        10       1.308008      28.064445            nan            nan
        11      -0.336891      29.830583            nan            nan
        12      -3.249454      32.846097            nan            nan
        13      -4.622180      34.334968            nan            nan
        14      -6.375606      36.168231            nan            nan
        15       1.193038      28.748798            nan            nan
        16       6.998824      23.125965            nan            nan
        17      14.726852      15.549456            nan            nan
        18      18.478403      11.948359            nan            nan
        19      19.800039      10.728687            nan            nan
        20      17.974924      12.620649            nan            nan
        21      16.030657      14.610444            nan            nan
        22       9.337303      21.302494            nan            nan
        23       7.748763      22.801126            nan            nan
        24       2.087679      28.322355            nan            nan
        25       4.300669      26.006116            nan            nan
        26       4.547536      25.644818            nan            nan
        27       6.730850      23.333886            nan            nan
        28       6.469256      23.413170            nan            nan
        29       5.995766      23.712390            nan            nan
        30       4.713951      24.803574            nan            nan
        31       2.730752      26.640236            nan            nan
        32       2.178568      27.140689            nan            nan
        33       1.289833      28.004930            nan            nan
        34       0.652385      28.638149            nan            nan
        35      -0.685824      29.991261            nan            nan
        36       0.588829      28.813180            nan            nan
        37      -0.181269      29.675720            nan            nan
        38       1.973873      27.651400            nan            nan
        39       2.024453      27.746442            nan            nan
        40       5.330684      24.595843            nan            nan
        41       4.341133      25.728738            nan            nan
        42       8.031087      22.181252            nan            nan
        43       5.967232      24.354631            nan            nan
        44       9.002507      21.381640            nan            nan
        45       5.704302      24.703190            nan            nan
        46       9.261044      21.158645            nan            nan
        47       7.111149      23.311876            nan            nan
        48      10.362759      20.038140            nan            nan
        49       7.894539      22.423794            nan            nan
        50       9.773716      20.443071            nan            nan
        51       8.160975      21.947436            nan            nan
        52       9.423304      20.586376            nan            nan
        53       8.461902      21.439172            nan            nan
        54       9.407099      20.414967            nan            nan
        55       8.545221      21.188824            nan            nan
        56       8.594102      21.063974            nan            nan
        57       8.255920      21.364033            nan            nan
        58       8.992874      20.641830            nan            nan
        59       9.202019      20.449639            nan            nan
        60       9.236205      20.441582            nan            nan
        61       9.946795      19.784868            nan            nan
        62       9.790610      20.007451            nan            nan
        63      10.308664      19.554128            nan            nan
        64      10.297845      19.646406            nan            nan
        65      10.514270      19.507937            nan            nan
        66       9.747677      20.311951            nan            nan
        67       9.561742      20.508637            nan            nan
        68       7.637844      22.449076            nan            nan
        69       8.335946      21.742739            nan            nan
        70       6.638860      23.386153            nan            nan
        71       5.817389      24.150632            nan            nan
        72       6.889899      23.029980            nan            nan
        73       5.568998      24.237928            nan            nan
        74       4.909377      24.788655            nan            nan
        75       5.760718      23.885027            nan            nan
        76       5.698655      23.905114            nan            nan
        77       5.060183      24.488687            nan            nan
        78       6.494602      23.064906            nan            nan
        79       6.403546      23.209298            nan            nan
        80       7.782529      21.865502            nan            nan
        81       7.656074      22.059697            nan            nan
        82       9.862223      19.996666            nan            nan
        83      10.729205      19.249783            nan            nan
        84      11.834211      18.235916            nan            nan
        85      12.230546      17.978046            nan            nan
        86      15.669646      14.690862            nan            nan
