# Cycle: 27, status: ACC, move: ('sh', 0.31113626546295686, 26, 4)
#     Time      Potential        Kinetic
         0     -18.717573      27.074628            nan            nan
         1     -18.373568      26.769616            nan            nan
         2     -15.258534      23.678961            nan            nan
         3     -16.723563      24.959868            nan            nan
         4     -14.188964      22.449076            nan            nan
         5      -9.174851      17.632691            nan            nan
         6      -8.809958      17.287539            nan            nan
         7     -10.098138      18.557912            nan            nan
         8      -7.121831      15.811565            nan            nan
         9      -4.726042      13.585890            nan            nan
        10      -6.995935      15.798034            nan            nan
        11      -4.540150      13.398899            nan            nan
        12      -1.803662      10.786555            nan            nan
        13      -1.482194      10.370175            nan            nan
        14      -2.843699      11.663593            nan            nan
        15       0.055826       8.884002            nan            nan
        16      -2.691268      11.559238            nan            nan
        17      -7.552945      16.184605            nan            nan
        18      -8.718467      17.324067            nan            nan
        19      -7.844530      16.449623            nan            nan
        20     -12.509011      20.897331            nan            nan
        21     -13.495031      21.806603            nan            nan
        22     -11.391901      19.819411            nan            nan
        23     -14.656665      23.015881            nan            nan
        24     -17.611252      25.886771            nan            nan
        25     -15.602782      24.043872            nan            nan
