# Cycle: 29, status: ACC, move: ('wf', 9000, 2, 32)
#     Time      Potential        Kinetic
         0      -9.931394      33.490657            nan            nan
         1      -9.564846      33.004041            nan            nan
         2      -8.146020      31.521298            nan            nan
         3      -6.626491      29.991393            nan            nan
         4      -8.288993      31.541731            nan            nan
         5      -9.022627      32.173607            nan            nan
         6      -7.259176      30.422824            nan            nan
         7      -7.436523      30.563184            nan            nan
         8      -7.560496      30.597964            nan            nan
         9      -6.561131      29.618974            nan            nan
        10      -4.848350      27.974147            nan            nan
        11      -4.945208      28.054350            nan            nan
        12      -4.003732      27.130638            nan            nan
        13      -2.312589      25.559357            nan            nan
        14       0.165577      23.136279            nan            nan
        15      -0.624909      23.920221            nan            nan
        16       2.201210      21.189831            nan            nan
        17       3.863242      19.622648            nan            nan
        18       3.886753      19.578021            nan            nan
        19       3.760350      19.712753            nan            nan
        20       5.690212      17.852112            nan            nan
        21       4.393215      19.112048            nan            nan
        22       3.504006      19.913241            nan            nan
        23       3.133506      20.288831            nan            nan
        24       3.452923      19.943781            nan            nan
        25       0.824448      22.449076            nan            nan
        26       0.813130      22.410215            nan            nan
        27       0.639308      22.589978            nan            nan
        28       0.058953      23.084351            nan            nan
        29      -1.585750      24.631431            nan            nan
        30      -0.733504      23.802964            nan            nan
        31      -0.082310      23.151350            nan            nan
