# Cycle: 43, status: ACC, move: ('wf', 9000, 2, 97)
#     Time      Potential        Kinetic
         0     -20.515343      35.623732            nan            nan
         1     -18.850824      33.998244            nan            nan
         2     -17.553934      32.656688            nan            nan
         3     -17.364966      32.342658            nan            nan
         4     -14.728189      29.772087            nan            nan
         5     -11.099534      26.229161            nan            nan
         6     -11.386507      26.469239            nan            nan
         7     -11.533548      26.642677            nan            nan
         8      -7.594959      22.874702            nan            nan
         9      -7.683107      23.011751            nan            nan
        10      -7.117811      22.449076            nan            nan
        11      -4.352025      19.857155            nan            nan
        12      -0.465238      16.102039            nan            nan
        13      -1.687830      17.281544            nan            nan
        14       0.456963      15.172006            nan            nan
        15       2.592978      13.148738            nan            nan
        16       2.430069      13.255094            nan            nan
        17       0.991059      14.619983            nan            nan
        18       3.029395      12.644870            nan            nan
        19       2.464134      13.153926            nan            nan
        20      -0.670633      16.082453            nan            nan
        21      -1.546809      16.892331            nan            nan
        22      -0.290001      15.626449            nan            nan
        23      -3.324775      18.499535            nan            nan
        24      -4.412875      19.483152            nan            nan
        25      -2.521558      17.637718            nan            nan
        26      -3.101801      18.146339            nan            nan
        27      -4.985695      19.903550            nan            nan
        28      -2.620427      17.612335            nan            nan
        29      -0.321168      15.415268            nan            nan
        30      -1.109846      16.170742            nan            nan
        31       0.155422      14.974770            nan            nan
        32       3.438300      11.884416            nan            nan
        33       3.680525      11.690104            nan            nan
        34       3.227267      12.168369            nan            nan
        35       6.139448       9.440201            nan            nan
        36       7.111610       8.574953            nan            nan
        37       5.278888      10.359700            nan            nan
        38       5.683590      10.023560            nan            nan
        39       7.371340       8.443857            nan            nan
        40       5.019464      10.707298            nan            nan
        41       3.536195      12.100160            nan            nan
        42       4.392763      11.271519            nan            nan
        43       3.354621      12.207455            nan            nan
        44       0.632133      14.741610            nan            nan
        45       1.769443      13.584562            nan            nan
        46       2.821016      12.502814            nan            nan
        47       0.403058      14.722639            nan            nan
        48       0.067913      14.972739            nan            nan
        49       2.126198      12.964032            nan            nan
        50       0.863394      14.145469            nan            nan
        51      -0.560914      15.492619            nan            nan
        52       1.674735      13.386819            nan            nan
        53       2.632628      12.505031            nan            nan
        54       0.717585      14.374898            nan            nan
        55       2.083851      13.123750            nan            nan
        56       4.802821      10.590676            nan            nan
        57       3.352230      12.042763            nan            nan
        58       3.556127      11.879660            nan            nan
        59       5.469452      10.153561            nan            nan
        60       5.897007       9.763926            nan            nan
        61       2.546415      13.026386            nan            nan
        62       3.742328      11.911626            nan            nan
        63       3.493036      12.222810            nan            nan
        64       0.932091      14.645637            nan            nan
        65      -1.401693      16.913674            nan            nan
        66       0.317901      15.245747            nan            nan
        67      -1.337189      16.777429            nan            nan
        68      -3.600654      18.852044            nan            nan
        69      -2.486876      17.764126            nan            nan
        70      -0.439712      15.709849            nan            nan
        71      -3.906335      19.008889            nan            nan
        72      -3.374254      18.445590            nan            nan
        73      -1.856656      17.020979            nan            nan
        74      -3.093402      18.187173            nan            nan
        75      -5.310787      20.356017            nan            nan
        76      -2.210269      17.424599            nan            nan
        77      -1.731707      17.030765            nan            nan
        78      -3.351226      18.599326            nan            nan
        79      -1.426658      16.795045            nan            nan
        80       1.639538      13.903872            nan            nan
        81       0.580687      14.925482            nan            nan
        82       0.677711      14.856694            nan            nan
        83       3.221465      12.478019            nan            nan
        84       2.914688      12.785856            nan            nan
        85      -0.471845      16.062217            nan            nan
        86      -0.387672      16.038746            nan            nan
        87      -0.267558      15.946219            nan            nan
        88      -5.573844      21.075356            nan            nan
        89      -7.236901      22.661175            nan            nan
        90      -5.869240      21.332122            nan            nan
        91      -7.350056      22.673978            nan            nan
        92      -8.739926      23.891539            nan            nan
        93      -6.860893      22.030294            nan            nan
        94      -7.687505      22.834019            nan            nan
        95     -13.178135      28.165432            nan            nan
        96     -15.885384      30.872214            nan            nan
